x	y	dx	dy
0.00000	0.68727 	0.000005	0.000005
0.00000	0.68534 	0.000005	0.000005
0.00000	0.68824 	0.000005	0.000005
0.00000	0.67503 	0.000005	0.000005
0.00000	0.68324 	0.000005	0.000005
0.00000	0.68711 	0.000005	0.000005
0.00000	0.68598 	0.000005	0.000005
0.00000	0.68534 	0.000005	0.000005
0.00000	0.68437 	0.000005	0.000005
0.00000	0.68502 	0.000005	0.000005
0.00000	0.68276 	0.000005	0.000005
0.00000	0.68679 	0.000005	0.000005
0.00000	0.68985 	0.000005	0.000005
0.00000	0.68937 	0.000005	0.000005
0.00000	0.68518 	0.000005	0.000005
0.00000	0.68663 	0.000005	0.000005
0.00000	0.68405 	0.000005	0.000005
0.00000	0.68437 	0.000005	0.000005
0.00000	0.68904 	0.000005	0.000005
0.00000	0.68582 	0.000005	0.000005
0.00000	0.68034 	0.000005	0.000005
0.00000	0.67358 	0.000005	0.000005
0.00000	0.68824 	0.000005	0.000005
0.00000	0.68872 	0.000005	0.000005
0.00000	0.68663 	0.000005	0.000005
0.00000	0.69114 	0.000005	0.000005
0.00000	0.68453 	0.000005	0.000005
0.00000	0.69210 	0.000005	0.000005
0.00000	0.69146 	0.000005	0.000005
0.00000	0.68228 	0.000005	0.000005
0.00000	0.68647 	0.000005	0.000005
0.00000	0.68534 	0.000005	0.000005
0.00000	0.68985 	0.000005	0.000005
0.00000	0.68759 	0.000005	0.000005
0.00000	0.69162 	0.000005	0.000005
0.00000	0.68502 	0.000005	0.000005
0.00000	0.68598 	0.000005	0.000005
0.00000	0.69065 	0.000005	0.000005
0.00000	0.68824 	0.000005	0.000005
0.00000	0.69549 	0.000005	0.000005
0.00000	0.67325 	0.000005	0.000005
0.00000	0.69210 	0.000005	0.000005
0.00000	0.68518 	0.000005	0.000005
0.00000	0.68792 	0.000005	0.000005
0.00000	0.67760 	0.000005	0.000005
0.00000	0.68856 	0.000005	0.000005
0.00000	0.68953 	0.000005	0.000005
0.00000	0.68647 	0.000005	0.000005
0.00000	0.68985 	0.000005	0.000005
0.00000	0.69323 	0.000005	0.000005
0.00000	0.68550 	0.000005	0.000005
0.00436	0.68163 	0.000005	0.000005
0.00873	0.65634 	0.000005	0.000005
0.02618	0.63153 	0.000005	0.000005
0.03927	0.60478 	0.000005	0.000005
0.05672	0.57788 	0.000005	0.000005
0.07418	0.54936 	0.000005	0.000005
0.09163	0.52133 	0.000005	0.000005
0.10472	0.49909 	0.000005	0.000005
0.12217	0.47348 	0.000005	0.000005
0.13526	0.45108 	0.000005	0.000005
0.14835	0.42885 	0.000005	0.000005
0.16581	0.40935 	0.000005	0.000005
0.18762	0.38647 	0.000005	0.000005
0.20508	0.35635 	0.000005	0.000005
0.22689	0.33411 	0.000005	0.000005
0.24871	0.31945 	0.000005	0.000005
0.27489	0.30705 	0.000005	0.000005
0.29234	0.28804 	0.000005	0.000005
0.31852	0.25791 	0.000005	0.000005
0.34034	0.24196 	0.000005	0.000005
0.36652	0.21296 	0.000005	0.000005
0.38834	0.19427 	0.000005	0.000005
0.41452	0.17107 	0.000005	0.000005
0.43633	0.15061 	0.000005	0.000005
0.45815	0.13192 	0.000005	0.000005
0.48433	0.11436 	0.000005	0.000005
0.50615	0.09841 	0.000005	0.000005
0.53233	0.07070 	0.000005	0.000005
0.56287	0.05217 	0.000005	0.000005
0.58905	0.04041 	0.000005	0.000005
0.61087	0.02301 	0.000005	0.000005
0.62832	0.02220 	0.000005	0.000005
0.64577	0.01028 	0.000005	0.000005
0.66323	0.00512 	0.000005	0.000005
0.68068	0.00029 	0.000005	0.000005
0.69813	-0.00084 	0.000005	0.000005
0.71122	-0.00760 	0.000005	0.000005
0.72431	-0.01147 	0.000005	0.000005
0.74613	-0.00744 	0.000005	0.000005
0.76358	-0.01083 	0.000005	0.000005
0.77667	-0.01920 	0.000005	0.000005
0.79849	-0.00970 	0.000005	0.000005
0.81594	-0.00648 	0.000005	0.000005
0.83776	-0.00003 	0.000005	0.000005
0.85085	0.00158 	0.000005	0.000005
0.85085	-0.00277 	0.000005	0.000005
0.85085	0.00335 	0.000005	0.000005
0.85085	-0.00100 	0.000005	0.000005
0.85085	-0.00342 	0.000005	0.000005
0.85085	-0.00180 	0.000005	0.000005
0.85085	-0.00648 	0.000005	0.000005
0.85085	-0.00277 	0.000005	0.000005
0.85085	-0.00615 	0.000005	0.000005
0.85085	-0.00197 	0.000005	0.000005
0.85085	-0.00422 	0.000005	0.000005
0.85085	0.00126 	0.000005	0.000005
0.85085	-0.00261 	0.000005	0.000005
0.85085	-0.00116 	0.000005	0.000005
0.85085	-0.00100 	0.000005	0.000005
0.85085	-0.00325 	0.000005	0.000005
0.87703	0.00561 	0.000005	0.000005
0.89884	0.01930 	0.000005	0.000005
0.92066	0.02301 	0.000005	0.000005
0.94248	0.03751 	0.000005	0.000005
0.96429	0.04508 	0.000005	0.000005
0.98611	0.06200 	0.000005	0.000005
1.00793	0.07843 	0.000005	0.000005
1.02974	0.09228 	0.000005	0.000005
1.05592	0.10952 	0.000005	0.000005
1.08210	0.13901 	0.000005	0.000005
1.11265	0.17155 	0.000005	0.000005
1.13883	0.20732 	0.000005	0.000005
1.16501	0.24389 	0.000005	0.000005
1.19119	0.27418 	0.000005	0.000005
1.22173	0.29384 	0.000005	0.000005
1.25227	0.32477 	0.000005	0.000005
1.27845	0.35006 	0.000005	0.000005
1.30900	0.39131 	0.000005	0.000005
1.33954	0.44061 	0.000005	0.000005
1.37445	0.49216 	0.000005	0.000005
1.40499	0.53019 	0.000005	0.000005
1.44426	0.58126 	0.000005	0.000005
1.48353	0.63491 	0.000005	0.000005
1.52716	0.70080 	0.000005	0.000005
1.56643	0.74801 	0.000005	0.000005
1.59261	0.78893 	0.000005	0.000005
1.61879	0.81568 	0.000005	0.000005
1.64497	0.84790 	0.000005	0.000005
1.65370	0.87029 	0.000005	0.000005
1.65370	0.86111 	0.000005	0.000005
1.65370	0.86159 	0.000005	0.000005
1.65370	0.86836 	0.000005	0.000005
1.65370	0.86788 	0.000005	0.000005
1.65370	0.86353 	0.000005	0.000005
1.65370	0.86756 	0.000005	0.000005
1.65370	0.86562 	0.000005	0.000005
1.65370	0.86530 	0.000005	0.000005
1.65370	0.86933 	0.000005	0.000005
1.65370	0.86240 	0.000005	0.000005
1.65370	0.86417 	0.000005	0.000005
1.65370	0.86981 	0.000005	0.000005
1.65370	0.87400 	0.000005	0.000005
1.65370	0.87239 	0.000005	0.000005
1.65370	0.87062 	0.000005	0.000005
1.65370	0.87319 	0.000005	0.000005
1.65370	0.87336 	0.000005	0.000005
1.67552	0.89720 	0.000005	0.000005
1.70170	0.93071 	0.000005	0.000005
1.72788	0.95955 	0.000005	0.000005
1.75406	0.97067 	0.000005	0.000005
1.78460	0.98082 	0.000005	0.000005
1.81514	1.01111 	0.000005	0.000005
1.85878	1.08618 	0.000005	0.000005
1.90241	1.13516 	0.000005	0.000005
1.94604	1.15820 	0.000005	0.000005
1.98968	1.20347 	0.000005	0.000005
2.02458	1.23425 	0.000005	0.000005
2.05513	1.25406 	0.000005	0.000005
2.08567	1.26937 	0.000005	0.000005
2.12494	1.25245 	0.000005	0.000005
2.16857	1.22442 	0.000005	0.000005
2.22966	1.20766 	0.000005	0.000005
2.29947	1.22248 	0.000005	0.000005
2.38237	1.22474 	0.000005	0.000005
2.44782	1.26180 	0.000005	0.000005
2.49146	1.20186 	0.000005	0.000005
2.54382	1.13887 	0.000005	0.000005
2.57436	1.12823 	0.000005	0.000005
2.60490	1.12775 	0.000005	0.000005
2.63108	1.13001 	0.000005	0.000005
2.67472	1.11212 	0.000005	0.000005
2.71835	1.07475 	0.000005	0.000005
2.75326	1.02174 	0.000005	0.000005
2.75326	0.99580 	0.000005	0.000005
2.75326	1.00949 	0.000005	0.000005
2.75326	1.00144 	0.000005	0.000005
2.75326	1.00353 	0.000005	0.000005
2.75326	1.00482 	0.000005	0.000005
2.75326	1.00563 	0.000005	0.000005
2.75326	1.00659 	0.000005	0.000005
2.75326	1.00386 	0.000005	0.000005
2.75326	1.01239 	0.000005	0.000005
2.75326	1.00531 	0.000005	0.000005
2.75326	1.01497 	0.000005	0.000005
2.75326	1.02093 	0.000005	0.000005
2.75326	1.00724 	0.000005	0.000005
2.75762	1.02303 	0.000005	0.000005
2.77944	0.98694 	0.000005	0.000005
2.80562	0.94666 	0.000005	0.000005
2.82743	0.89059 	0.000005	0.000005
2.85361	0.86385 	0.000005	0.000005
2.87543	0.84822 	0.000005	0.000005
2.87979	0.85064 	0.000005	0.000005
2.90597	0.83598 	0.000005	0.000005
2.92779	0.84709 	0.000005	0.000005
2.94961	0.82422 	0.000005	0.000005
2.97142	0.81294 	0.000005	0.000005
2.99324	0.78603 	0.000005	0.000005
3.01506	0.74447 	0.000005	0.000005
3.04124	0.70306 	0.000005	0.000005
3.07178	0.66004 	0.000005	0.000005
3.10669	0.61477 	0.000005	0.000005
3.14159	0.57385 	0.000005	0.000005