x	y	dx	dy
0.00000	2.73356 	0.000005	0.000005
0.00000	2.73840 	0.000005	0.000005
0.00000	2.73791 	0.000005	0.000005
0.00000	2.73856 	0.000005	0.000005
0.00000	2.73582 	0.000005	0.000005
0.00000	2.73179 	0.000005	0.000005
0.00000	2.73340 	0.000005	0.000005
0.00000	2.74065 	0.000005	0.000005
0.00000	2.73566 	0.000005	0.000005
0.00000	2.73598 	0.000005	0.000005
0.00000	2.72164 	0.000005	0.000005
0.00000	2.74033 	0.000005	0.000005
0.00000	2.73469 	0.000005	0.000005
0.00000	2.73179 	0.000005	0.000005
0.00000	2.73034 	0.000005	0.000005
0.00000	2.72970 	0.000005	0.000005
0.00000	2.73662 	0.000005	0.000005
0.00000	2.73856 	0.000005	0.000005
0.00000	2.74903 	0.000005	0.000005
0.00436	2.75499 	0.000005	0.000005
0.00436	2.75161 	0.000005	0.000005
0.00436	2.74822 	0.000005	0.000005
0.00436	2.75757 	0.000005	0.000005
0.00873	2.76611 	0.000005	0.000005
0.00873	2.76063 	0.000005	0.000005
0.00873	2.75934 	0.000005	0.000005
0.01309	2.76095 	0.000005	0.000005
0.01309	2.76095 	0.000005	0.000005
0.01309	2.74049 	0.000005	0.000005
0.01745	2.73179 	0.000005	0.000005
0.02182	2.72825 	0.000005	0.000005
0.02618	2.72019 	0.000005	0.000005
0.02618	2.71890 	0.000005	0.000005
0.03054	2.71987 	0.000005	0.000005
0.03054	2.72583 	0.000005	0.000005
0.03491	2.72228 	0.000005	0.000005
0.03491	2.73920 	0.000005	0.000005
0.03927	2.73453 	0.000005	0.000005
0.03927	2.73533 	0.000005	0.000005
0.03927	2.74581 	0.000005	0.000005
0.04363	2.75370 	0.000005	0.000005
0.04363	2.75660 	0.000005	0.000005
0.04800	2.74887 	0.000005	0.000005
0.04800	2.74565 	0.000005	0.000005
0.04800	2.75032 	0.000005	0.000005
0.04800	2.75821 	0.000005	0.000005
0.05236	2.76401 	0.000005	0.000005
0.05236	2.76450 	0.000005	0.000005
0.05236	2.76772 	0.000005	0.000005
0.05672	2.77013 	0.000005	0.000005
0.06109	2.76643 	0.000005	0.000005
0.06109	2.76240 	0.000005	0.000005
0.06545	2.76015 	0.000005	0.000005
0.06545	2.75402 	0.000005	0.000005
0.06981	2.75290 	0.000005	0.000005
0.06981	2.74806 	0.000005	0.000005
0.07418	2.73904 	0.000005	0.000005
0.07418	2.73985 	0.000005	0.000005
0.07418	2.73211 	0.000005	0.000005
0.07854	2.72599 	0.000005	0.000005
0.07854	2.72116 	0.000005	0.000005
0.08290	2.70279 	0.000005	0.000005
0.08290	2.69506 	0.000005	0.000005
0.08727	2.69296 	0.000005	0.000005
0.08727	2.68265 	0.000005	0.000005
0.08727	2.66944 	0.000005	0.000005
0.09163	2.67153 	0.000005	0.000005
0.09163	2.65929 	0.000005	0.000005
0.09599	2.65204 	0.000005	0.000005
0.10036	2.64173 	0.000005	0.000005
0.10036	2.63577 	0.000005	0.000005
0.10472	2.63480 	0.000005	0.000005
0.10472	2.63367 	0.000005	0.000005
0.10472	2.63158 	0.000005	0.000005
0.10908	2.62239 	0.000005	0.000005
0.10908	2.62400 	0.000005	0.000005
0.11345	2.61402 	0.000005	0.000005
0.11345	2.61611 	0.000005	0.000005
0.11345	2.60854 	0.000005	0.000005
0.11781	2.59887 	0.000005	0.000005
0.11781	2.59452 	0.000005	0.000005
0.12217	2.59275 	0.000005	0.000005
0.12654	2.58179 	0.000005	0.000005
0.12654	2.57631 	0.000005	0.000005
0.13090	2.56326 	0.000005	0.000005
0.13090	2.55908 	0.000005	0.000005
0.13526	2.53346 	0.000005	0.000005
0.13963	2.52476 	0.000005	0.000005
0.13963	2.50559 	0.000005	0.000005
0.14399	2.48964 	0.000005	0.000005
0.14399	2.46627 	0.000005	0.000005
0.14835	2.43421 	0.000005	0.000005
0.15272	2.39812 	0.000005	0.000005
0.15272	2.37863 	0.000005	0.000005
0.15708	2.34641 	0.000005	0.000005
0.16144	2.32111 	0.000005	0.000005
0.16144	2.30226 	0.000005	0.000005
0.16581	2.28696 	0.000005	0.000005
0.16581	2.26392 	0.000005	0.000005
0.17017	2.24426 	0.000005	0.000005
0.17017	2.23798 	0.000005	0.000005
0.17453	2.22187 	0.000005	0.000005
0.17453	2.20495 	0.000005	0.000005
0.17453	2.19593 	0.000005	0.000005
0.17890	2.18336 	0.000005	0.000005
0.17890	2.15887 	0.000005	0.000005
0.18326	2.14502 	0.000005	0.000005
0.18326	2.12987 	0.000005	0.000005
0.18762	2.11569 	0.000005	0.000005
0.18762	2.09910 	0.000005	0.000005
0.18762	2.08605 	0.000005	0.000005
0.19199	2.07509 	0.000005	0.000005
0.19199	2.04915 	0.000005	0.000005
0.19635	2.04206 	0.000005	0.000005
0.19635	2.02482 	0.000005	0.000005
0.20071	1.99808 	0.000005	0.000005
0.20071	1.97649 	0.000005	0.000005
0.20508	1.96006 	0.000005	0.000005
0.20508	1.93186 	0.000005	0.000005
0.20944	1.90802 	0.000005	0.000005
0.20944	1.87596 	0.000005	0.000005
0.21380	1.85131 	0.000005	0.000005
0.21817	1.80877 	0.000005	0.000005
0.21817	1.77268 	0.000005	0.000005
0.22253	1.73724 	0.000005	0.000005
0.22253	1.70469 	0.000005	0.000005
0.22689	1.67779 	0.000005	0.000005
0.22689	1.65330 	0.000005	0.000005
0.23126	1.63493 	0.000005	0.000005
0.23126	1.61334 	0.000005	0.000005
0.23562	1.59627 	0.000005	0.000005
0.23562	1.57951 	0.000005	0.000005
0.23562	1.56565 	0.000005	0.000005
0.23998	1.53553 	0.000005	0.000005
0.23998	1.49960 	0.000005	0.000005
0.24435	1.46593 	0.000005	0.000005
0.24871	1.42597 	0.000005	0.000005
0.25307	1.39036 	0.000005	0.000005
0.25744	1.35766 	0.000005	0.000005
0.25744	1.32592 	0.000005	0.000005
0.26180	1.29531 	0.000005	0.000005
0.26180	1.26405 	0.000005	0.000005
0.26616	1.23521 	0.000005	0.000005
0.26616	1.22039 	0.000005	0.000005
0.26616	1.21475 	0.000005	0.000005
0.27053	1.19058 	0.000005	0.000005
0.27053	1.17093 	0.000005	0.000005
0.27053	1.16481 	0.000005	0.000005
0.27053	1.15788 	0.000005	0.000005
0.27053	1.15514 	0.000005	0.000005
0.27053	1.15514 	0.000005	0.000005
0.27489	1.12711 	0.000005	0.000005
0.27489	1.12405 	0.000005	0.000005
0.27489	1.11905 	0.000005	0.000005
0.27489	1.11422 	0.000005	0.000005
0.27489	1.11776 	0.000005	0.000005
0.27053	1.13178 	0.000005	0.000005
0.27053	1.13436 	0.000005	0.000005
0.27053	1.13258 	0.000005	0.000005
0.27053	1.12952 	0.000005	0.000005
0.27053	1.12920 	0.000005	0.000005
0.27053	1.13226 	0.000005	0.000005
0.27053	1.13178 	0.000005	0.000005
0.27053	1.12566 	0.000005	0.000005
0.27053	1.13275 	0.000005	0.000005
0.27053	1.12791 	0.000005	0.000005
0.27053	1.13113 	0.000005	0.000005
0.27053	1.13146 	0.000005	0.000005
0.27053	1.13468 	0.000005	0.000005
0.27053	1.13629 	0.000005	0.000005
0.27053	1.12807 	0.000005	0.000005
0.27053	1.12936 	0.000005	0.000005
0.27053	1.12952 	0.000005	0.000005
0.27053	1.13452 	0.000005	0.000005
0.27053	1.13065 	0.000005	0.000005
0.27053	1.13452 	0.000005	0.000005
0.27053	1.13323 	0.000005	0.000005
0.27053	1.13597 	0.000005	0.000005
0.27053	1.13049 	0.000005	0.000005
0.27053	1.13516 	0.000005	0.000005
0.27053	1.13629 	0.000005	0.000005
0.27053	1.12695 	0.000005	0.000005
0.27053	1.13693 	0.000005	0.000005
0.27053	1.13242 	0.000005	0.000005
0.27053	1.13081 	0.000005	0.000005
0.27489	1.13065 	0.000005	0.000005
0.27489	1.12550 	0.000005	0.000005
0.27489	1.13017 	0.000005	0.000005
0.27489	1.12775 	0.000005	0.000005
0.27489	1.13194 	0.000005	0.000005
0.27489	1.13049 	0.000005	0.000005
0.27489	1.12308 	0.000005	0.000005
0.27489	1.11599 	0.000005	0.000005
0.27489	1.09843 	0.000005	0.000005
0.27925	1.06750 	0.000005	0.000005
0.27925	1.06540 	0.000005	0.000005
0.28362	1.02093 	0.000005	0.000005
0.28798	0.96873 	0.000005	0.000005
0.28798	0.93377 	0.000005	0.000005
0.29234	0.90203 	0.000005	0.000005
0.29234	0.85741 	0.000005	0.000005
0.29671	0.82534 	0.000005	0.000005
0.30107	0.80375 	0.000005	0.000005
0.30107	0.76493 	0.000005	0.000005
0.30543	0.72626 	0.000005	0.000005
0.30543	0.70322 	0.000005	0.000005
0.30980	0.65521 	0.000005	0.000005
0.31416	0.60994 	0.000005	0.000005
0.31852	0.57353 	0.000005	0.000005
0.31852	0.55113 	0.000005	0.000005
0.32289	0.51746 	0.000005	0.000005
0.32725	0.48346 	0.000005	0.000005
0.33161	0.45608 	0.000005	0.000005
0.33161	0.42965 	0.000005	0.000005
0.33598	0.39373 	0.000005	0.000005
0.34034	0.36843 	0.000005	0.000005
0.34034	0.34620 	0.000005	0.000005
0.34470	0.32799 	0.000005	0.000005
0.34907	0.30076 	0.000005	0.000005
0.34907	0.28352 	0.000005	0.000005
0.35343	0.25694 	0.000005	0.000005
0.35779	0.23793 	0.000005	0.000005
0.35779	0.21908 	0.000005	0.000005
0.36216	0.20748 	0.000005	0.000005
0.36216	0.19411 	0.000005	0.000005
0.36652	0.17171 	0.000005	0.000005
0.36652	0.15560 	0.000005	0.000005
0.37088	0.14722 	0.000005	0.000005
0.37525	0.12596 	0.000005	0.000005
0.37525	0.11307 	0.000005	0.000005
0.37961	0.10115 	0.000005	0.000005
0.37961	0.08600 	0.000005	0.000005
0.38397	0.07730 	0.000005	0.000005
0.38834	0.06554 	0.000005	0.000005
0.38834	0.05120 	0.000005	0.000005
0.39270	0.04637 	0.000005	0.000005
0.39270	0.03670 	0.000005	0.000005
0.39706	0.03412 	0.000005	0.000005
0.39706	0.02832 	0.000005	0.000005
0.40143	0.02752 	0.000005	0.000005
0.40143	0.02349 	0.000005	0.000005
0.40579	0.01511 	0.000005	0.000005
0.40579	0.00867 	0.000005	0.000005
0.40579	0.00303 	0.000005	0.000005
0.41015	0.00625 	0.000005	0.000005
0.41452	-0.00261 	0.000005	0.000005
0.41452	-0.00712 	0.000005	0.000005
0.41888	-0.00519 	0.000005	0.000005
0.41888	-0.01195 	0.000005	0.000005
0.42324	-0.00615 	0.000005	0.000005
0.42324	-0.00470 	0.000005	0.000005
0.42761	-0.00873 	0.000005	0.000005
0.43197	-0.00470 	0.000005	0.000005
0.43197	-0.00035 	0.000005	0.000005
0.43197	-0.00438 	0.000005	0.000005
0.43633	0.00206 	0.000005	0.000005
0.43633	0.00770 	0.000005	0.000005
0.44070	0.00464 	0.000005	0.000005
0.44506	0.01705 	0.000005	0.000005
0.44506	0.02156 	0.000005	0.000005
0.44942	0.02784 	0.000005	0.000005
0.45379	0.04008 	0.000005	0.000005
0.45379	0.04653 	0.000005	0.000005
0.45815	0.05168 	0.000005	0.000005
0.45815	0.06699 	0.000005	0.000005
0.46251	0.06957 	0.000005	0.000005
0.46251	0.08117 	0.000005	0.000005
0.46688	0.08552 	0.000005	0.000005
0.46688	0.09615 	0.000005	0.000005
0.47124	0.10775 	0.000005	0.000005
0.47124	0.12048 	0.000005	0.000005
0.47560	0.12531 	0.000005	0.000005
0.47560	0.14513 	0.000005	0.000005
0.47997	0.16430 	0.000005	0.000005
0.48433	0.18057 	0.000005	0.000005
0.48433	0.20345 	0.000005	0.000005
0.48869	0.21972 	0.000005	0.000005
0.49306	0.23841 	0.000005	0.000005
0.49306	0.25791 	0.000005	0.000005
0.49742	0.27982 	0.000005	0.000005
0.50178	0.29577 	0.000005	0.000005
0.50178	0.30672 	0.000005	0.000005
0.50178	0.31397 	0.000005	0.000005
0.50615	0.33363 	0.000005	0.000005
0.50615	0.35151 	0.000005	0.000005
0.51051	0.36199 	0.000005	0.000005
0.51051	0.37471 	0.000005	0.000005
0.51051	0.39244 	0.000005	0.000005
0.51487	0.40001 	0.000005	0.000005
0.51487	0.41580 	0.000005	0.000005
0.51487	0.42740 	0.000005	0.000005
0.51924	0.44721 	0.000005	0.000005
0.51924	0.46333 	0.000005	0.000005
0.51924	0.46349 	0.000005	0.000005
0.52360	0.47219 	0.000005	0.000005
0.52360	0.48781 	0.000005	0.000005
0.52360	0.49925 	0.000005	0.000005
0.52796	0.51569 	0.000005	0.000005
0.52796	0.53164 	0.000005	0.000005
0.52796	0.53969 	0.000005	0.000005
0.53233	0.55629 	0.000005	0.000005
0.53233	0.57481 	0.000005	0.000005
0.53233	0.58754 	0.000005	0.000005
0.53669	0.60591 	0.000005	0.000005
0.54105	0.63201 	0.000005	0.000005
0.54105	0.64925 	0.000005	0.000005
0.54105	0.66198 	0.000005	0.000005
0.54542	0.67648 	0.000005	0.000005
0.54542	0.69436 	0.000005	0.000005
0.54978	0.71756 	0.000005	0.000005
0.54978	0.74559 	0.000005	0.000005
0.55414	0.77959 	0.000005	0.000005
0.55851	0.82309 	0.000005	0.000005
0.56287	0.85837 	0.000005	0.000005
0.56723	0.87255 	0.000005	0.000005
0.56723	0.89333 	0.000005	0.000005
0.56723	0.90429 	0.000005	0.000005
0.56723	0.92169 	0.000005	0.000005
0.57160	0.94344 	0.000005	0.000005
0.57160	0.96261 	0.000005	0.000005
0.57596	0.98871 	0.000005	0.000005
0.57596	1.00998 	0.000005	0.000005
0.58032	1.02238 	0.000005	0.000005
0.58032	1.03962 	0.000005	0.000005
0.58032	1.06443 	0.000005	0.000005
0.58469	1.09376 	0.000005	0.000005
0.58905	1.12195 	0.000005	0.000005
0.58905	1.14998 	0.000005	0.000005
0.59341	1.17012 	0.000005	0.000005
0.59778	1.19397 	0.000005	0.000005
0.59778	1.20170 	0.000005	0.000005
0.59778	1.20460 	0.000005	0.000005
0.59778	1.21362 	0.000005	0.000005
0.59778	1.21378 	0.000005	0.000005
0.59778	1.22281 	0.000005	0.000005
0.60214	1.23779 	0.000005	0.000005
0.60214	1.25857 	0.000005	0.000005
0.60214	1.26599 	0.000005	0.000005
0.60650	1.27469 	0.000005	0.000005
0.60650	1.27549 	0.000005	0.000005
0.60650	1.28177 	0.000005	0.000005
0.60650	1.28403 	0.000005	0.000005
0.60650	1.27887 	0.000005	0.000005
0.60650	1.28902 	0.000005	0.000005
0.60650	1.29096 	0.000005	0.000005
0.60650	1.28419 	0.000005	0.000005
0.60650	1.29096 	0.000005	0.000005
0.60650	1.28790 	0.000005	0.000005
0.60650	1.28532 	0.000005	0.000005
0.60650	1.29225 	0.000005	0.000005
0.60650	1.28822 	0.000005	0.000005
0.60650	1.28902 	0.000005	0.000005
0.60650	1.29031 	0.000005	0.000005
0.60650	1.28661 	0.000005	0.000005
0.60650	1.28645 	0.000005	0.000005
0.60650	1.28902 	0.000005	0.000005
0.60650	1.28854 	0.000005	0.000005
0.60650	1.28822 	0.000005	0.000005
0.60650	1.28387 	0.000005	0.000005
0.60650	1.29064 	0.000005	0.000005
0.60650	1.28870 	0.000005	0.000005
0.60650	1.28983 	0.000005	0.000005
0.60650	1.28645 	0.000005	0.000005
0.60650	1.28854 	0.000005	0.000005
0.60650	1.28451 	0.000005	0.000005
0.60650	1.28886 	0.000005	0.000005
0.60650	1.28242 	0.000005	0.000005
0.60650	1.28516 	0.000005	0.000005
0.60650	1.35315 	0.000005	0.000005
0.61087	1.44772 	0.000005	0.000005
0.61087	1.45819 	0.000005	0.000005
0.61523	1.48316 	0.000005	0.000005
0.61523	1.49476 	0.000005	0.000005
0.61959	1.51055 	0.000005	0.000005
0.61959	1.53005 	0.000005	0.000005
0.61959	1.55405 	0.000005	0.000005
0.62396	1.57323 	0.000005	0.000005
0.62396	1.60126 	0.000005	0.000005
0.62832	1.62043 	0.000005	0.000005
0.62832	1.64122 	0.000005	0.000005
0.63268	1.65733 	0.000005	0.000005
0.63268	1.67489 	0.000005	0.000005
0.63705	1.70034 	0.000005	0.000005
0.63705	1.72387 	0.000005	0.000005
0.64141	1.74900 	0.000005	0.000005
0.64141	1.77413 	0.000005	0.000005
0.64577	1.79588 	0.000005	0.000005
0.64577	1.82521 	0.000005	0.000005
0.65014	1.84567 	0.000005	0.000005
0.65014	1.85147 	0.000005	0.000005
0.65450	1.87563 	0.000005	0.000005
0.65450	1.89255 	0.000005	0.000005
0.65886	1.90238 	0.000005	0.000005
0.65886	1.91752 	0.000005	0.000005
0.66323	1.94217 	0.000005	0.000005
0.66323	1.94797 	0.000005	0.000005
0.66323	1.96505 	0.000005	0.000005
0.66759	1.97117 	0.000005	0.000005
0.66759	1.98310 	0.000005	0.000005
0.67195	2.00146 	0.000005	0.000005
0.67195	2.02176 	0.000005	0.000005
0.67195	2.03256 	0.000005	0.000005
0.67632	2.05592 	0.000005	0.000005
0.67632	2.07896 	0.000005	0.000005
0.68068	2.09636 	0.000005	0.000005
0.68068	2.11199 	0.000005	0.000005
0.68504	2.13454 	0.000005	0.000005
0.68504	2.15033 	0.000005	0.000005
0.68941	2.17128 	0.000005	0.000005
0.68941	2.19303 	0.000005	0.000005
0.69377	2.21027 	0.000005	0.000005
0.69377	2.22332 	0.000005	0.000005
0.69813	2.25344 	0.000005	0.000005
0.69813	2.27471 	0.000005	0.000005
0.70250	2.29259 	0.000005	0.000005
0.70250	2.30919 	0.000005	0.000005
0.70686	2.33706 	0.000005	0.000005
0.71122	2.35607 	0.000005	0.000005
0.71122	2.36993 	0.000005	0.000005
0.71558	2.39796 	0.000005	0.000005
0.71558	2.40070 	0.000005	0.000005
0.71995	2.41665 	0.000005	0.000005
0.71995	2.43115 	0.000005	0.000005
0.72431	2.43953 	0.000005	0.000005
0.72431	2.44243 	0.000005	0.000005
0.72431	2.45677 	0.000005	0.000005
0.72431	2.45725 	0.000005	0.000005
0.72867	2.46370 	0.000005	0.000005
0.72867	2.46434 	0.000005	0.000005
0.72867	2.48061 	0.000005	0.000005
0.73304	2.48706 	0.000005	0.000005
0.73304	2.49044 	0.000005	0.000005
0.73740	2.50816 	0.000005	0.000005
0.73740	2.51509 	0.000005	0.000005
0.74176	2.52250 	0.000005	0.000005
0.74176	2.53249 	0.000005	0.000005
0.74176	2.54119 	0.000005	0.000005
0.74613	2.55553 	0.000005	0.000005
0.74613	2.56906 	0.000005	0.000005
0.74613	2.57277 	0.000005	0.000005
0.75049	2.58566 	0.000005	0.000005
0.75049	2.59678 	0.000005	0.000005
0.75049	2.60354 	0.000005	0.000005
0.75049	2.60870 	0.000005	0.000005
0.75485	2.61369 	0.000005	0.000005
0.75485	2.62642 	0.000005	0.000005
0.75485	2.63738 	0.000005	0.000005
0.75922	2.64302 	0.000005	0.000005
0.75922	2.64962 	0.000005	0.000005
0.76358	2.66042 	0.000005	0.000005
0.76358	2.66960 	0.000005	0.000005
0.76794	2.67782 	0.000005	0.000005
0.76794	2.69119 	0.000005	0.000005
0.77231	2.69618 	0.000005	0.000005
0.77667	2.70923 	0.000005	0.000005
0.77667	2.71519 	0.000005	0.000005
0.78103	2.71793 	0.000005	0.000005
0.78103	2.72551 	0.000005	0.000005
0.78540	2.73227 	0.000005	0.000005
0.78540	2.73840 	0.000005	0.000005
0.78976	2.74130 	0.000005	0.000005
0.78976	2.75016 	0.000005	0.000005
0.79412	2.75467 	0.000005	0.000005
0.79412	2.75402 	0.000005	0.000005
0.79849	2.76949 	0.000005	0.000005
0.79849	2.77545 	0.000005	0.000005
0.80285	2.78093 	0.000005	0.000005
0.80285	2.78931 	0.000005	0.000005
0.80721	2.78463 	0.000005	0.000005
0.81158	2.78222 	0.000005	0.000005
0.81594	2.78657 	0.000005	0.000005
0.81594	2.79108 	0.000005	0.000005
0.82030	2.79076 	0.000005	0.000005
0.82030	2.80784 	0.000005	0.000005
0.82467	2.80977 	0.000005	0.000005
0.82467	2.81621 	0.000005	0.000005
0.82903	2.82234 	0.000005	0.000005
0.82903	2.82089 	0.000005	0.000005
0.83339	2.82314 	0.000005	0.000005
0.83339	2.82765 	0.000005	0.000005
0.83776	2.82733 	0.000005	0.000005
0.83776	2.83426 	0.000005	0.000005
0.84212	2.82991 	0.000005	0.000005
0.84212	2.82717 	0.000005	0.000005
0.84648	2.83216 	0.000005	0.000005
0.85085	2.82056 	0.000005	0.000005
0.85085	2.81734 	0.000005	0.000005
0.85521	2.81782 	0.000005	0.000005
0.85521	2.81170 	0.000005	0.000005
0.85957	2.81074 	0.000005	0.000005
0.85957	2.80316 	0.000005	0.000005
0.85957	2.80284 	0.000005	0.000005
0.86394	2.79414 	0.000005	0.000005
0.86394	2.78979 	0.000005	0.000005
0.86394	2.78641 	0.000005	0.000005
0.86830	2.78028 	0.000005	0.000005
0.87266	2.76804 	0.000005	0.000005
0.87266	2.75612 	0.000005	0.000005
0.87703	2.74951 	0.000005	0.000005
0.87703	2.73952 	0.000005	0.000005
0.88139	2.73904 	0.000005	0.000005
0.88139	2.73131 	0.000005	0.000005
0.88139	2.71938 	0.000005	0.000005
0.88575	2.72357 	0.000005	0.000005
0.88575	2.71471 	0.000005	0.000005
0.88575	2.71246 	0.000005	0.000005
0.89012	2.70827 	0.000005	0.000005
0.89012	2.70601 	0.000005	0.000005
0.89012	2.70198 	0.000005	0.000005
0.89448	2.69441 	0.000005	0.000005
0.89448	2.68732 	0.000005	0.000005
0.89884	2.68120 	0.000005	0.000005
0.89884	2.67411 	0.000005	0.000005
0.89884	2.66622 	0.000005	0.000005
0.90321	2.64914 	0.000005	0.000005
0.90757	2.64430 	0.000005	0.000005
0.90757	2.62400 	0.000005	0.000005
0.91193	2.61305 	0.000005	0.000005
0.91193	2.59597 	0.000005	0.000005
0.91630	2.58002 	0.000005	0.000005
0.92066	2.56439 	0.000005	0.000005
0.92066	2.53894 	0.000005	0.000005
0.92502	2.53298 	0.000005	0.000005
0.92502	2.52218 	0.000005	0.000005
0.92502	2.51686 	0.000005	0.000005
0.92502	2.50913 	0.000005	0.000005
0.92502	2.50414 	0.000005	0.000005
0.92939	2.48980 	0.000005	0.000005
0.92939	2.48835 	0.000005	0.000005
0.93375	2.46466 	0.000005	0.000005
0.93375	2.44533 	0.000005	0.000005
0.93375	2.43985 	0.000005	0.000005
0.93375	2.44372 	0.000005	0.000005
0.93375	2.43663 	0.000005	0.000005
0.93375	2.42584 	0.000005	0.000005
0.93375	2.41568 	0.000005	0.000005
0.92939	2.44791 	0.000005	0.000005
0.92939	2.46853 	0.000005	0.000005
0.92939	2.46917 	0.000005	0.000005
0.92939	2.47481 	0.000005	0.000005
0.92939	2.45757 	0.000005	0.000005
0.92939	2.45500 	0.000005	0.000005
0.92939	2.47369 	0.000005	0.000005
0.92939	2.48303 	0.000005	0.000005
0.92939	2.47449 	0.000005	0.000005
0.92939	2.47191 	0.000005	0.000005
0.92939	2.47191 	0.000005	0.000005
0.92939	2.47626 	0.000005	0.000005
0.92939	2.47836 	0.000005	0.000005
0.92939	2.47787 	0.000005	0.000005
0.92939	2.46982 	0.000005	0.000005
0.92939	2.47481 	0.000005	0.000005
0.92939	2.48061 	0.000005	0.000005
0.92939	2.48384 	0.000005	0.000005
0.92939	2.47916 	0.000005	0.000005
0.92939	2.48883 	0.000005	0.000005
0.92939	2.48819 	0.000005	0.000005
0.92939	2.47546 	0.000005	0.000005
0.93375	2.43454 	0.000005	0.000005
0.93375	2.41778 	0.000005	0.000005
0.93811	2.39941 	0.000005	0.000005
0.93811	2.37138 	0.000005	0.000005
0.94248	2.36348 	0.000005	0.000005
0.94248	2.33545 	0.000005	0.000005
0.94684	2.30129 	0.000005	0.000005
0.95120	2.26424 	0.000005	0.000005
0.95557	2.22428 	0.000005	0.000005
0.95993	2.17869 	0.000005	0.000005
0.96429	2.12713 	0.000005	0.000005
0.96866	2.09169 	0.000005	0.000005
0.97302	2.06543 	0.000005	0.000005
0.97738	2.02821 	0.000005	0.000005
0.97738	2.00275 	0.000005	0.000005
0.98175	1.96940 	0.000005	0.000005
0.98611	1.94153 	0.000005	0.000005
0.99047	1.90399 	0.000005	0.000005
0.99484	1.86355 	0.000005	0.000005
0.99920	1.81457 	0.000005	0.000005
1.00356	1.77864 	0.000005	0.000005
1.00356	1.74771 	0.000005	0.000005
1.00793	1.70228 	0.000005	0.000005
1.01229	1.65233 	0.000005	0.000005
1.01665	1.60368 	0.000005	0.000005
1.02102	1.55953 	0.000005	0.000005
1.02102	1.52828 	0.000005	0.000005
1.02538	1.49090 	0.000005	0.000005
1.02974	1.45481 	0.000005	0.000005
1.02974	1.42774 	0.000005	0.000005
1.03411	1.39649 	0.000005	0.000005
1.03847	1.36362 	0.000005	0.000005
1.03847	1.32914 	0.000005	0.000005
1.04283	1.30417 	0.000005	0.000005
1.04283	1.26486 	0.000005	0.000005
1.04720	1.22587 	0.000005	0.000005
1.05156	1.19123 	0.000005	0.000005
1.05592	1.15707 	0.000005	0.000005
1.05592	1.12388 	0.000005	0.000005
1.06029	1.08635 	0.000005	0.000005
1.06465	1.04607 	0.000005	0.000005
1.06465	1.00353 	0.000005	0.000005
1.06901	0.96825 	0.000005	0.000005
1.07338	0.93844 	0.000005	0.000005
1.07338	0.90010 	0.000005	0.000005
1.07774	0.85902 	0.000005	0.000005
1.08210	0.82196 	0.000005	0.000005
1.08647	0.78345 	0.000005	0.000005
1.09083	0.74463 	0.000005	0.000005
1.09083	0.71740 	0.000005	0.000005
1.09519	0.68808 	0.000005	0.000005
1.09519	0.65827 	0.000005	0.000005
1.09956	0.63104 	0.000005	0.000005
1.10392	0.59882 	0.000005	0.000005
1.10392	0.57916 	0.000005	0.000005
1.10392	0.56289 	0.000005	0.000005
1.10828	0.54807 	0.000005	0.000005
1.10828	0.52938 	0.000005	0.000005
1.11265	0.50215 	0.000005	0.000005
1.11265	0.48685 	0.000005	0.000005
1.11701	0.46800 	0.000005	0.000005
1.11701	0.44061 	0.000005	0.000005
1.12137	0.42289 	0.000005	0.000005
1.12574	0.40259 	0.000005	0.000005
1.12574	0.36940 	0.000005	0.000005
1.13010	0.34604 	0.000005	0.000005
1.13446	0.32461 	0.000005	0.000005
1.13446	0.30366 	0.000005	0.000005
1.13883	0.28868 	0.000005	0.000005
1.13883	0.27192 	0.000005	0.000005
1.13883	0.25936 	0.000005	0.000005
1.14319	0.25452 	0.000005	0.000005
1.14319	0.24164 	0.000005	0.000005
1.14319	0.22633 	0.000005	0.000005
1.14755	0.22005 	0.000005	0.000005
1.14755	0.20442 	0.000005	0.000005
1.15192	0.19524 	0.000005	0.000005
1.15192	0.17735 	0.000005	0.000005
1.15628	0.15560 	0.000005	0.000005
1.16064	0.13498 	0.000005	0.000005
1.16064	0.12708 	0.000005	0.000005
1.16501	0.10856 	0.000005	0.000005
1.16937	0.09003 	0.000005	0.000005
1.16937	0.08101 	0.000005	0.000005
1.17373	0.07488 	0.000005	0.000005
1.17373	0.06167 	0.000005	0.000005
1.17810	0.05571 	0.000005	0.000005
1.17810	0.05458 	0.000005	0.000005
1.17810	0.05491 	0.000005	0.000005
1.18246	0.03992 	0.000005	0.000005
1.18246	0.04282 	0.000005	0.000005
1.18246	0.03880 	0.000005	0.000005
1.18246	0.03912 	0.000005	0.000005
1.18246	0.04202 	0.000005	0.000005
1.18246	0.04025 	0.000005	0.000005
1.18246	0.04782 	0.000005	0.000005
1.18246	0.04411 	0.000005	0.000005
1.18246	0.04347 	0.000005	0.000005
1.18246	0.04572 	0.000005	0.000005
1.18246	0.04669 	0.000005	0.000005
1.18246	0.04411 	0.000005	0.000005
1.18246	0.04637 	0.000005	0.000005
1.18246	0.04750 	0.000005	0.000005
1.18246	0.04202 	0.000005	0.000005
1.18246	0.04298 	0.000005	0.000005
1.18246	0.04782 	0.000005	0.000005
1.18246	0.04025 	0.000005	0.000005
1.18246	0.04443 	0.000005	0.000005
1.18246	0.04701 	0.000005	0.000005
1.18246	0.03847 	0.000005	0.000005
1.18246	0.04363 	0.000005	0.000005
1.18246	0.04524 	0.000005	0.000005
1.18246	0.03509 	0.000005	0.000005
1.19119	0.01769 	0.000005	0.000005
1.19119	0.00738 	0.000005	0.000005
1.19555	0.00641 	0.000005	0.000005
1.19991	-0.00052 	0.000005	0.000005
1.20428	-0.00309 	0.000005	0.000005
1.20864	-0.01034 	0.000005	0.000005
1.20864	0.00126 	0.000005	0.000005
1.21300	-0.00454 	0.000005	0.000005
1.21737	-0.00825 	0.000005	0.000005
1.22173	-0.00342 	0.000005	0.000005
1.22173	0.00174 	0.000005	0.000005
1.22609	0.00222 	0.000005	0.000005
1.22609	0.00915 	0.000005	0.000005
1.23046	0.01350 	0.000005	0.000005
1.23482	0.02430 	0.000005	0.000005
1.23918	0.03203 	0.000005	0.000005
1.23918	0.04073 	0.000005	0.000005
1.24355	0.04476 	0.000005	0.000005
1.24791	0.06635 	0.000005	0.000005
1.25227	0.07440 	0.000005	0.000005
1.25664	0.08938 	0.000005	0.000005
1.25664	0.10388 	0.000005	0.000005
1.26100	0.12225 	0.000005	0.000005
1.26536	0.13917 	0.000005	0.000005
1.26973	0.15367 	0.000005	0.000005
1.26973	0.18202 	0.000005	0.000005
1.27409	0.19878 	0.000005	0.000005
1.27845	0.21747 	0.000005	0.000005
1.27845	0.23745 	0.000005	0.000005
1.28282	0.25823 	0.000005	0.000005
1.28718	0.28497 	0.000005	0.000005
1.29154	0.30689 	0.000005	0.000005
1.29154	0.32493 	0.000005	0.000005
1.29591	0.34877 	0.000005	0.000005
1.30027	0.37826 	0.000005	0.000005
1.30027	0.39421 	0.000005	0.000005
1.30463	0.41386 	0.000005	0.000005
1.30463	0.42804 	0.000005	0.000005
1.30900	0.45527 	0.000005	0.000005
1.30900	0.47960 	0.000005	0.000005
1.31336	0.50086 	0.000005	0.000005
1.31772	0.52551 	0.000005	0.000005
1.31772	0.55613 	0.000005	0.000005
1.32209	0.58206 	0.000005	0.000005
1.32645	0.61268 	0.000005	0.000005
1.32645	0.63443 	0.000005	0.000005
1.33081	0.66182 	0.000005	0.000005
1.33518	0.69484 	0.000005	0.000005
1.33518	0.72449 	0.000005	0.000005
1.33954	0.75252 	0.000005	0.000005
1.34390	0.77910 	0.000005	0.000005
1.34390	0.80665 	0.000005	0.000005
1.34827	0.81970 	0.000005	0.000005
1.34827	0.84758 	0.000005	0.000005
1.35263	0.87851 	0.000005	0.000005
1.35263	0.90509 	0.000005	0.000005
1.35699	0.93748 	0.000005	0.000005
1.36136	0.96954 	0.000005	0.000005
1.36136	1.00289 	0.000005	0.000005
1.36572	1.02802 	0.000005	0.000005
1.36572	1.04848 	0.000005	0.000005
1.37008	1.07168 	0.000005	0.000005
1.37008	1.09617 	0.000005	0.000005
1.37445	1.11277 	0.000005	0.000005
1.37445	1.13065 	0.000005	0.000005
1.37445	1.14918 	0.000005	0.000005
1.37881	1.15917 	0.000005	0.000005
1.37881	1.17109 	0.000005	0.000005
1.37881	1.18011 	0.000005	0.000005
1.37881	1.18043 	0.000005	0.000005
1.37881	1.18414 	0.000005	0.000005
1.37881	1.18527 	0.000005	0.000005
1.37881	1.17915 	0.000005	0.000005
1.37881	1.18237 	0.000005	0.000005
1.37881	1.18076 	0.000005	0.000005
1.37881	1.18333 	0.000005	0.000005
1.37881	1.17963 	0.000005	0.000005
1.37881	1.18623 	0.000005	0.000005
1.37881	1.18350 	0.000005	0.000005
1.37881	1.17947 	0.000005	0.000005
1.37881	1.18350 	0.000005	0.000005
1.37881	1.18688 	0.000005	0.000005
1.37881	1.18301 	0.000005	0.000005
1.37881	1.18317 	0.000005	0.000005
1.37881	1.18043 	0.000005	0.000005
1.37881	1.18205 	0.000005	0.000005
1.37881	1.18382 	0.000005	0.000005
1.37881	1.17898 	0.000005	0.000005
1.37881	1.18623 	0.000005	0.000005
1.37881	1.17979 	0.000005	0.000005
1.37881	1.18076 	0.000005	0.000005
1.37881	1.17979 	0.000005	0.000005
1.37881	1.18269 	0.000005	0.000005
1.38317	1.20589 	0.000005	0.000005
1.38754	1.24569 	0.000005	0.000005
1.38754	1.27839 	0.000005	0.000005
1.39190	1.31255 	0.000005	0.000005
1.39626	1.35911 	0.000005	0.000005
1.40063	1.39101 	0.000005	0.000005
1.40063	1.42533 	0.000005	0.000005
1.40499	1.46786 	0.000005	0.000005
1.40935	1.50153 	0.000005	0.000005
1.41372	1.54310 	0.000005	0.000005
1.41808	1.59159 	0.000005	0.000005
1.42244	1.64492 	0.000005	0.000005
1.42681	1.71098 	0.000005	0.000005
1.43117	1.75512 	0.000005	0.000005
1.43553	1.79282 	0.000005	0.000005
1.43990	1.82940 	0.000005	0.000005
1.44426	1.86307 	0.000005	0.000005
1.44862	1.89110 	0.000005	0.000005
1.45299	1.92526 	0.000005	0.000005
1.45735	1.96779 	0.000005	0.000005
1.45735	2.00227 	0.000005	0.000005
1.46171	2.04158 	0.000005	0.000005
1.46608	2.08025 	0.000005	0.000005
1.47044	2.12649 	0.000005	0.000005
1.47480	2.17273 	0.000005	0.000005
1.47917	2.21236 	0.000005	0.000005
1.48353	2.23927 	0.000005	0.000005
1.48353	2.26666 	0.000005	0.000005
1.48789	2.29243 	0.000005	0.000005
1.49226	2.31467 	0.000005	0.000005
1.49226	2.34786 	0.000005	0.000005
1.49662	2.36574 	0.000005	0.000005
1.50098	2.38362 	0.000005	0.000005
1.50535	2.41198 	0.000005	0.000005
1.50971	2.46064 	0.000005	0.000005
1.51407	2.49495 	0.000005	0.000005
1.51844	2.52363 	0.000005	0.000005
1.51844	2.55440 	0.000005	0.000005
1.52280	2.57615 	0.000005	0.000005
1.52716	2.60564 	0.000005	0.000005
1.53153	2.61804 	0.000005	0.000005
1.53589	2.61933 	0.000005	0.000005
1.54025	2.62658 	0.000005	0.000005
1.54025	2.62900 	0.000005	0.000005
1.54025	2.63367 	0.000005	0.000005
1.54462	2.63802 	0.000005	0.000005
1.54462	2.64350 	0.000005	0.000005
1.54898	2.65091 	0.000005	0.000005
1.55334	2.66042 	0.000005	0.000005
1.55334	2.66332 	0.000005	0.000005
1.55334	2.67008 	0.000005	0.000005
1.55334	2.66863 	0.000005	0.000005
1.55334	2.66831 	0.000005	0.000005
1.55334	2.67202 	0.000005	0.000005
1.55334	2.67347 	0.000005	0.000005
1.55334	2.67379 	0.000005	0.000005
1.55334	2.67991 	0.000005	0.000005
1.55334	2.67621 	0.000005	0.000005
1.55334	2.67411 	0.000005	0.000005
1.55334	2.67911 	0.000005	0.000005
1.55334	2.67427 	0.000005	0.000005
1.55334	2.67363 	0.000005	0.000005
1.55334	2.68072 	0.000005	0.000005
1.55334	2.67894 	0.000005	0.000005
1.55334	2.66557 	0.000005	0.000005
1.55334	2.67733 	0.000005	0.000005
1.55334	2.67701 	0.000005	0.000005
1.55334	2.67717 	0.000005	0.000005
1.55334	2.67556 	0.000005	0.000005
1.55334	2.67105 	0.000005	0.000005
1.55334	2.68362 	0.000005	0.000005
1.55334	2.67766 	0.000005	0.000005
1.55334	2.66589 	0.000005	0.000005
1.55334	2.66847 	0.000005	0.000005
1.55771	2.69135 	0.000005	0.000005
1.56207	2.69344 	0.000005	0.000005
1.56207	2.70666 	0.000005	0.000005
1.56643	2.71858 	0.000005	0.000005
1.56643	2.73678 	0.000005	0.000005
1.57080	2.74774 	0.000005	0.000005
1.57516	2.75676 	0.000005	0.000005
1.57952	2.76965 	0.000005	0.000005
1.58389	2.76240 	0.000005	0.000005
1.58389	2.75805 	0.000005	0.000005
1.59261	2.75596 	0.000005	0.000005
1.59698	2.76417 	0.000005	0.000005
1.60134	2.74130 	0.000005	0.000005
1.60570	2.73695 	0.000005	0.000005
1.61007	2.72583 	0.000005	0.000005
1.61443	2.72825 	0.000005	0.000005
1.61879	2.73066 	0.000005	0.000005
1.62316	2.73405 	0.000005	0.000005
1.62752	2.74420 	0.000005	0.000005
1.63188	2.74774 	0.000005	0.000005
1.63625	2.75837 	0.000005	0.000005
1.64061	2.76176 	0.000005	0.000005
1.64497	2.75660 	0.000005	0.000005
1.64497	2.74581 	0.000005	0.000005
1.64934	2.73227 	0.000005	0.000005
1.65370	2.71697 	0.000005	0.000005
1.65806	2.69941 	0.000005	0.000005
1.66243	2.67089 	0.000005	0.000005
1.66679	2.65848 	0.000005	0.000005
1.67115	2.64543 	0.000005	0.000005
1.67552	2.63367 	0.000005	0.000005
1.67552	2.62980 	0.000005	0.000005
1.67988	2.62078 	0.000005	0.000005
1.68424	2.61530 	0.000005	0.000005
1.68861	2.60483 	0.000005	0.000005
1.69297	2.58904 	0.000005	0.000005
1.69733	2.57503 	0.000005	0.000005
1.69733	2.58179 	0.000005	0.000005
1.70170	2.57132 	0.000005	0.000005
1.70606	2.55376 	0.000005	0.000005
1.70606	2.54748 	0.000005	0.000005
1.71042	2.52508 	0.000005	0.000005
1.71479	2.49592 	0.000005	0.000005
1.71915	2.46982 	0.000005	0.000005
1.72351	2.43872 	0.000005	0.000005
1.72351	2.41907 	0.000005	0.000005
1.72788	2.37798 	0.000005	0.000005
1.73224	2.33336 	0.000005	0.000005
1.73660	2.30854 	0.000005	0.000005
1.74097	2.27568 	0.000005	0.000005
1.74533	2.24458 	0.000005	0.000005
1.74533	2.23282 	0.000005	0.000005
1.74533	2.24362 	0.000005	0.000005
1.74533	2.24732 	0.000005	0.000005
1.74533	2.26150 	0.000005	0.000005
1.74533	2.27632 	0.000005	0.000005
1.72788	2.37911 	0.000005	0.000005
1.72788	2.38443 	0.000005	0.000005
1.72788	2.39023 	0.000005	0.000005
1.72788	2.39361 	0.000005	0.000005
1.72788	2.39248 	0.000005	0.000005
1.72788	-0.00197 	0.000005	0.000005
1.72788	-0.01469 	0.000005	0.000005
1.72788	-0.00986 	0.000005	0.000005
1.72788	-0.01389 	0.000005	0.000005
1.72788	-0.01679 	0.000005	0.000005
1.72788	-0.00938 	0.000005	0.000005
1.73660	-0.01212 	0.000005	0.000005
1.74533	-0.01163 	0.000005	0.000005
1.75842	-0.00873 	0.000005	0.000005
1.76715	-0.01115 	0.000005	0.000005
1.78024	-0.01598 	0.000005	0.000005
1.78896	-0.01518 	0.000005	0.000005
1.80642	-0.01212 	0.000005	0.000005
1.82387	-0.01050 	0.000005	0.000005
1.84132	-0.01228 	0.000005	0.000005
1.85878	-0.01582 	0.000005	0.000005
1.87187	-0.01034 	0.000005	0.000005
1.87187	-0.01212 	0.000005	0.000005
1.87187	-0.01727 	0.000005	0.000005
1.87187	-0.00986 	0.000005	0.000005
1.87187	-0.01179 	0.000005	0.000005
1.87187	-0.01727 	0.000005	0.000005
1.87187	-0.01421 	0.000005	0.000005
1.87187	-0.01002 	0.000005	0.000005
1.87187	-0.01147 	0.000005	0.000005
1.88496	-0.01534 	0.000005	0.000005
1.90241	-0.01518 	0.000005	0.000005
1.92423	-0.01244 	0.000005	0.000005
1.94168	-0.01469 	0.000005	0.000005
1.95041	-0.01598 	0.000005	0.000005
1.95041	-0.00970 	0.000005	0.000005
1.95041	-0.01179 	0.000005	0.000005
1.95041	-0.00922 	0.000005	0.000005
1.95041	-0.00954 	0.000005	0.000005
1.95041	-0.01357 	0.000005	0.000005
1.95477	-0.01759 	0.000005	0.000005
1.98095	-0.00825 	0.000005	0.000005
1.99840	-0.01179 	0.000005	0.000005
2.02022	-0.01759 	0.000005	0.000005
2.03767	-0.01147 	0.000005	0.000005
2.04204	-0.01163 	0.000005	0.000005
2.04204	-0.01663 	0.000005	0.000005
2.04204	-0.01018 	0.000005	0.000005
2.04204	-0.01147 	0.000005	0.000005
2.04204	-0.01727 	0.000005	0.000005
2.05076	-0.01131 	0.000005	0.000005
2.07694	-0.01131 	0.000005	0.000005
2.09440	-0.01856 	0.000005	0.000005
2.11621	-0.01292 	0.000005	0.000005
2.13367	-0.01050 	0.000005	0.000005
2.13367	-0.01131 	0.000005	0.000005
2.13367	-0.01614 	0.000005	0.000005
2.13367	-0.01131 	0.000005	0.000005
2.13367	-0.01276 	0.000005	0.000005
2.13367	-0.01405 	0.000005	0.000005
2.13367	-0.00857 	0.000005	0.000005
2.15548	-0.01437 	0.000005	0.000005
2.18166	-0.01485 	0.000005	0.000005
2.21220	-0.01389 	0.000005	0.000005
2.24275	-0.01373 	0.000005	0.000005
2.25147	-0.01485 	0.000005	0.000005
2.25147	-0.01340 	0.000005	0.000005
2.25147	-0.01324 	0.000005	0.000005
2.25147	-0.01502 	0.000005	0.000005
2.25147	-0.01212 	0.000005	0.000005
2.25147	-0.01743 	0.000005	0.000005
2.26020	-0.01147 	0.000005	0.000005
2.27765	-0.01324 	0.000005	0.000005
2.30383	-0.01502 	0.000005	0.000005
2.33438	-0.00970 	0.000005	0.000005
2.35183	-0.01614 	0.000005	0.000005
2.35183	-0.01034 	0.000005	0.000005
2.35183	-0.00970 	0.000005	0.000005
2.35183	-0.01518 	0.000005	0.000005
2.35183	-0.01147 	0.000005	0.000005
2.35183	-0.01099 	0.000005	0.000005
2.35183	-0.01518 	0.000005	0.000005
2.36492	-0.01115 	0.000005	0.000005
2.38674	-0.01034 	0.000005	0.000005
2.40855	-0.01743 	0.000005	0.000005
2.44346	-0.01131 	0.000005	0.000005
2.46528	-0.01340 	0.000005	0.000005
2.46528	-0.01582 	0.000005	0.000005
2.46528	-0.00970 	0.000005	0.000005
2.46528	-0.01292 	0.000005	0.000005
2.46528	-0.01373 	0.000005	0.000005
2.46528	-0.00970 	0.000005	0.000005
2.46528	-0.01759 	0.000005	0.000005
2.47837	-0.00938 	0.000005	0.000005
2.49146	-0.01050 	0.000005	0.000005
2.51764	-0.01195 	0.000005	0.000005
2.53945	-0.01212 	0.000005	0.000005
2.54818	-0.01195 	0.000005	0.000005
2.54818	-0.01083 	0.000005	0.000005
2.52636	-0.01550 	0.000005	0.000005
2.52636	-0.01179 	0.000005	0.000005
2.52636	-0.01099 	0.000005	0.000005
2.52636	-0.01469 	0.000005	0.000005
2.53509	-0.00777 	0.000005	0.000005
2.56127	-0.01373 	0.000005	0.000005
2.58745	-0.01292 	0.000005	0.000005
2.62236	-0.01179 	0.000005	0.000005
2.65290	-0.01647 	0.000005	0.000005
2.67472	-0.00905 	0.000005	0.000005
2.67908	-0.01421 	0.000005	0.000005
2.67908	-0.01260 	0.000005	0.000005
2.67908	-0.01131 	0.000005	0.000005
2.67908	-0.01373 	0.000005	0.000005
2.67908	-0.01147 	0.000005	0.000005
2.68781	-0.01195 	0.000005	0.000005
2.71399	-0.01195 	0.000005	0.000005
2.74889	-0.01582 	0.000005	0.000005
2.78380	-0.01179 	0.000005	0.000005
2.80562	-0.01308 	0.000005	0.000005
2.80562	-0.01147 	0.000005	0.000005
2.80562	-0.00889 	0.000005	0.000005
2.80562	-0.01550 	0.000005	0.000005
2.80562	-0.00615 	0.000005	0.000005
2.80562	-0.01276 	0.000005	0.000005
2.80562	-0.01518 	0.000005	0.000005
2.83180	-0.01002 	0.000005	0.000005
2.86670	-0.01534 	0.000005	0.000005
2.90161	-0.01727 	0.000005	0.000005
2.92779	-0.01276 	0.000005	0.000005
2.93652	-0.01115 	0.000005	0.000005
2.93652	-0.01469 	0.000005	0.000005
2.93652	-0.01212 	0.000005	0.000005
2.93652	-0.01373 	0.000005	0.000005
2.93652	-0.01437 	0.000005	0.000005
2.93652	-0.01067 	0.000005	0.000005
2.93652	-0.01598 	0.000005	0.000005
2.95833	-0.01260 	0.000005	0.000005
2.98888	-0.01485 	0.000005	0.000005
3.02815	-0.01212 	0.000005	0.000005
3.05869	-0.01614 	0.000005	0.000005
3.08051	-0.01324 	0.000005	0.000005
3.08051	-0.01212 	0.000005	0.000005
3.08051	-0.01276 	0.000005	0.000005
3.08051	-0.01405 	0.000005	0.000005
3.08051	-0.00551 	0.000005	0.000005
3.08051	-0.01002 	0.000005	0.000005
3.08051	-0.01421 	0.000005	0.000005
3.08487	-0.01340 	0.000005	0.000005
3.10232	-0.01195 	0.000005	0.000005
3.13287	-0.01340 	0.000005	0.000005
3.16777	-0.01647 	0.000005	0.000005