x	y	dx	dy
0.00000	0.02446 	0.000005	0.000005
0.00000	0.01833 	0.000005	0.000005
0.00000	0.02333 	0.000005	0.000005
0.00000	0.01946 	0.000005	0.000005
0.00000	0.02075 	0.000005	0.000005
0.00000	0.02349 	0.000005	0.000005
0.00000	0.02752 	0.000005	0.000005
0.00000	0.01930 	0.000005	0.000005
0.00000	0.02623 	0.000005	0.000005
0.00000	0.02542 	0.000005	0.000005
0.00000	0.02655 	0.000005	0.000005
0.00000	0.02720 	0.000005	0.000005
0.00000	0.02446 	0.000005	0.000005
0.00000	0.02881 	0.000005	0.000005
0.00000	0.02123 	0.000005	0.000005
0.00000	0.02800 	0.000005	0.000005
0.00000	0.02655 	0.000005	0.000005
0.00000	0.02075 	0.000005	0.000005
0.00000	0.02381 	0.000005	0.000005
0.00000	0.02188 	0.000005	0.000005
0.00000	0.01850 	0.000005	0.000005
0.00000	0.02430 	0.000005	0.000005
0.00000	0.02365 	0.000005	0.000005
0.00000	0.02188 	0.000005	0.000005
0.00000	0.01930 	0.000005	0.000005
0.00000	0.02252 	0.000005	0.000005
0.00436	0.02494 	0.000005	0.000005
0.00873	0.02349 	0.000005	0.000005
0.02182	0.03847 	0.000005	0.000005
0.03927	0.04717 	0.000005	0.000005
0.04363	0.06071 	0.000005	0.000005
0.04800	0.06667 	0.000005	0.000005
0.05672	0.06989 	0.000005	0.000005
0.06109	0.07231 	0.000005	0.000005
0.06545	0.08052 	0.000005	0.000005
0.07418	0.08536 	0.000005	0.000005
0.07854	0.09357 	0.000005	0.000005
0.08727	0.10372 	0.000005	0.000005
0.10036	0.11452 	0.000005	0.000005
0.10908	0.12612 	0.000005	0.000005
0.11781	0.13160 	0.000005	0.000005
0.12654	0.15222 	0.000005	0.000005
0.13963	0.16092 	0.000005	0.000005
0.14835	0.17332 	0.000005	0.000005
0.15708	0.18589 	0.000005	0.000005
0.17017	0.20329 	0.000005	0.000005
0.17890	0.21312 	0.000005	0.000005
0.19199	0.22778 	0.000005	0.000005
0.20071	0.23374 	0.000005	0.000005
0.21380	0.25291 	0.000005	0.000005
0.21817	0.25404 	0.000005	0.000005
0.22689	0.26355 	0.000005	0.000005
0.23126	0.27160 	0.000005	0.000005
0.23562	0.28111 	0.000005	0.000005
0.23562	0.28272 	0.000005	0.000005
0.24435	0.28594 	0.000005	0.000005
0.24871	0.28755 	0.000005	0.000005
0.25744	0.30237 	0.000005	0.000005
0.26616	0.31381 	0.000005	0.000005
0.27925	0.31865 	0.000005	0.000005
0.28798	0.34459 	0.000005	0.000005
0.29671	0.34974 	0.000005	0.000005
0.30543	0.35506 	0.000005	0.000005
0.31416	0.36940 	0.000005	0.000005
0.32725	0.39840 	0.000005	0.000005
0.34470	0.42031 	0.000005	0.000005
0.35779	0.42579 	0.000005	0.000005
0.37525	0.45559 	0.000005	0.000005
0.39270	0.46719 	0.000005	0.000005
0.41452	0.49249 	0.000005	0.000005
0.43197	0.50892 	0.000005	0.000005
0.44506	0.52938 	0.000005	0.000005
0.45379	0.54130 	0.000005	0.000005
0.46251	0.54952 	0.000005	0.000005
0.46251	0.55194 	0.000005	0.000005
0.46688	0.55677 	0.000005	0.000005
0.47124	0.56499 	0.000005	0.000005
0.47997	0.57723 	0.000005	0.000005
0.48433	0.58319 	0.000005	0.000005
0.49306	0.58094 	0.000005	0.000005
0.50178	0.60671 	0.000005	0.000005
0.51051	0.60559 	0.000005	0.000005
0.51924	0.61203 	0.000005	0.000005
0.51924	0.61686 	0.000005	0.000005
0.51924	0.61751 	0.000005	0.000005
0.51924	0.61106 	0.000005	0.000005
0.51924	0.61993 	0.000005	0.000005
0.51924	0.61703 	0.000005	0.000005
0.51924	0.62218 	0.000005	0.000005
0.51924	0.61960 	0.000005	0.000005
0.51924	0.61445 	0.000005	0.000005
0.51924	0.61203 	0.000005	0.000005
0.51924	0.61364 	0.000005	0.000005
0.51924	0.61831 	0.000005	0.000005
0.51924	0.61413 	0.000005	0.000005
0.51924	0.61396 	0.000005	0.000005
0.51924	0.61477 	0.000005	0.000005
0.51924	0.61815 	0.000005	0.000005
0.52360	0.61976 	0.000005	0.000005
0.53669	0.63088 	0.000005	0.000005
0.55414	0.64216 	0.000005	0.000005
0.56287	0.64184 	0.000005	0.000005
0.57596	0.65022 	0.000005	0.000005
0.58469	0.65424 	0.000005	0.000005
0.59778	0.65602 	0.000005	0.000005
0.61087	0.65682 	0.000005	0.000005
0.62396	0.66069 	0.000005	0.000005
0.63268	0.65569 	0.000005	0.000005
0.64577	0.65231 	0.000005	0.000005
0.65886	0.65537 	0.000005	0.000005
0.67195	0.65585 	0.000005	0.000005
0.68504	0.65408 	0.000005	0.000005
0.69813	0.65408 	0.000005	0.000005
0.71122	0.64893 	0.000005	0.000005
0.71995	0.64603 	0.000005	0.000005
0.73304	0.64264 	0.000005	0.000005
0.74613	0.63829 	0.000005	0.000005
0.75485	0.63362 	0.000005	0.000005
0.76794	0.62395 	0.000005	0.000005
0.78103	0.61719 	0.000005	0.000005
0.78976	0.61509 	0.000005	0.000005
0.79412	0.60816 	0.000005	0.000005
0.80285	0.60655 	0.000005	0.000005
0.81158	0.60220 	0.000005	0.000005
0.82030	0.59737 	0.000005	0.000005
0.83339	0.59125 	0.000005	0.000005
0.84212	0.57465 	0.000005	0.000005
0.85085	0.57224 	0.000005	0.000005
0.85957	0.56386 	0.000005	0.000005
0.87266	0.55033 	0.000005	0.000005
0.88575	0.54372 	0.000005	0.000005
0.89448	0.52970 	0.000005	0.000005
0.90757	0.51069 	0.000005	0.000005
0.92066	0.49909 	0.000005	0.000005
0.93375	0.49635 	0.000005	0.000005
0.94248	0.47331 	0.000005	0.000005
0.95557	0.46913 	0.000005	0.000005
0.96429	0.45156 	0.000005	0.000005
0.97738	0.43674 	0.000005	0.000005
0.99047	0.42611 	0.000005	0.000005
0.99920	0.41096 	0.000005	0.000005
1.01229	0.39453 	0.000005	0.000005
1.02538	0.37600 	0.000005	0.000005
1.03411	0.36360 	0.000005	0.000005
1.04720	0.35651 	0.000005	0.000005
1.05592	0.33266 	0.000005	0.000005
1.06901	0.31704 	0.000005	0.000005
1.07774	0.29819 	0.000005	0.000005
1.09083	0.28755 	0.000005	0.000005
1.10392	0.26339 	0.000005	0.000005
1.11701	0.25066 	0.000005	0.000005
1.12574	0.23567 	0.000005	0.000005
1.13446	0.22488 	0.000005	0.000005
1.14755	0.20748 	0.000005	0.000005
1.16064	0.19685 	0.000005	0.000005
1.17373	0.18009 	0.000005	0.000005
1.18682	0.16044 	0.000005	0.000005
1.19991	0.14819 	0.000005	0.000005
1.20864	0.13466 	0.000005	0.000005
1.22173	0.12128 	0.000005	0.000005
1.23046	0.11339 	0.000005	0.000005
1.24355	0.09825 	0.000005	0.000005
1.25664	0.08874 	0.000005	0.000005
1.27409	0.06812 	0.000005	0.000005
1.27845	0.06731 	0.000005	0.000005
1.27845	0.06361 	0.000005	0.000005
1.27845	0.06377 	0.000005	0.000005
1.27845	0.06038 	0.000005	0.000005
1.27845	0.06135 	0.000005	0.000005
1.27845	0.06635 	0.000005	0.000005
1.27845	0.06425 	0.000005	0.000005
1.27845	0.05990 	0.000005	0.000005
1.27845	0.06377 	0.000005	0.000005
1.27845	0.06651 	0.000005	0.000005
1.27845	0.06554 	0.000005	0.000005
1.27845	0.06151 	0.000005	0.000005
1.27845	0.06506 	0.000005	0.000005
1.27845	0.06312 	0.000005	0.000005
1.27845	0.06490 	0.000005	0.000005
1.27845	0.06473 	0.000005	0.000005
1.27845	0.06522 	0.000005	0.000005
1.27845	0.05926 	0.000005	0.000005
1.27845	0.06264 	0.000005	0.000005
1.27845	0.06618 	0.000005	0.000005
1.27845	0.06022 	0.000005	0.000005
1.27845	0.06763 	0.000005	0.000005
1.27845	0.05636 	0.000005	0.000005
1.27845	0.06248 	0.000005	0.000005
1.27845	0.06006 	0.000005	0.000005
1.27845	0.06248 	0.000005	0.000005
1.27845	0.06296 	0.000005	0.000005
1.28718	0.05716 	0.000005	0.000005
1.29154	0.05571 	0.000005	0.000005
1.30027	0.04540 	0.000005	0.000005
1.30900	0.04105 	0.000005	0.000005
1.31772	0.03815 	0.000005	0.000005
1.32645	0.02961 	0.000005	0.000005
1.33518	0.02671 	0.000005	0.000005
1.33954	0.01608 	0.000005	0.000005
1.34827	0.02091 	0.000005	0.000005
1.35699	0.01237 	0.000005	0.000005
1.36572	0.00931 	0.000005	0.000005
1.37445	0.00432 	0.000005	0.000005
1.38754	-0.00068 	0.000005	0.000005
1.39626	-0.00535 	0.000005	0.000005
1.40935	-0.01131 	0.000005	0.000005
1.41808	-0.01179 	0.000005	0.000005
1.43117	-0.01260 	0.000005	0.000005
1.44426	-0.01518 	0.000005	0.000005
1.46171	-0.00825 	0.000005	0.000005
1.47480	-0.01115 	0.000005	0.000005
1.48789	-0.01115 	0.000005	0.000005
1.50098	-0.00712 	0.000005	0.000005
1.51407	-0.00777 	0.000005	0.000005
1.52716	-0.00180 	0.000005	0.000005
1.54025	0.00818 	0.000005	0.000005
1.55334	0.01108 	0.000005	0.000005
1.57080	0.01753 	0.000005	0.000005
1.58389	0.02768 	0.000005	0.000005
1.59698	0.03541 	0.000005	0.000005
1.61007	0.04605 	0.000005	0.000005
1.62316	0.05475 	0.000005	0.000005
1.63625	0.06506 	0.000005	0.000005
1.65370	0.08246 	0.000005	0.000005
1.66679	0.09357 	0.000005	0.000005
1.67988	0.10131 	0.000005	0.000005
1.69297	0.11468 	0.000005	0.000005
1.71042	0.13530 	0.000005	0.000005
1.72788	0.15077 	0.000005	0.000005
1.74533	0.16801 	0.000005	0.000005
1.76278	0.18283 	0.000005	0.000005
1.77587	0.20829 	0.000005	0.000005
1.78896	0.22166 	0.000005	0.000005
1.80205	0.23922 	0.000005	0.000005
1.81514	0.26129 	0.000005	0.000005
1.83260	0.27885 	0.000005	0.000005
1.84569	0.30624 	0.000005	0.000005
1.85441	0.31526 	0.000005	0.000005
1.86314	0.32896 	0.000005	0.000005
1.87623	0.34330 	0.000005	0.000005
1.88496	0.35425 	0.000005	0.000005
1.89805	0.37085 	0.000005	0.000005
1.90677	0.38599 	0.000005	0.000005
1.91986	0.40855 	0.000005	0.000005
1.91986	0.40033 	0.000005	0.000005
1.91986	0.40210 	0.000005	0.000005
1.91986	0.40790 	0.000005	0.000005
1.91986	0.40114 	0.000005	0.000005
1.91986	0.40404 	0.000005	0.000005
1.91986	0.40500 	0.000005	0.000005
1.91986	0.40065 	0.000005	0.000005
1.91986	0.40404 	0.000005	0.000005
1.91986	0.40307 	0.000005	0.000005
1.91986	0.40935 	0.000005	0.000005
1.91986	0.40114 	0.000005	0.000005
1.91986	0.40049 	0.000005	0.000005
1.91986	0.39373 	0.000005	0.000005
1.91986	0.39695 	0.000005	0.000005
1.91986	0.40130 	0.000005	0.000005
1.91986	0.40210 	0.000005	0.000005
1.91986	0.39969 	0.000005	0.000005
1.91986	0.40388 	0.000005	0.000005
1.91986	0.40694 	0.000005	0.000005
1.91986	0.40758 	0.000005	0.000005
1.91986	0.40033 	0.000005	0.000005
1.91986	0.40178 	0.000005	0.000005
1.91986	0.40388 	0.000005	0.000005
1.91986	0.40307 	0.000005	0.000005
1.92859	0.41580 	0.000005	0.000005
1.93732	0.42563 	0.000005	0.000005
1.95041	0.42998 	0.000005	0.000005
1.95913	0.44286 	0.000005	0.000005
1.97222	0.46220 	0.000005	0.000005
1.98968	0.47718 	0.000005	0.000005
2.00713	0.49442 	0.000005	0.000005
2.02895	0.50811 	0.000005	0.000005
2.04640	0.52922 	0.000005	0.000005
2.06385	0.53615 	0.000005	0.000005
2.07694	0.55306 	0.000005	0.000005
2.09876	0.56015 	0.000005	0.000005
2.11621	0.57675 	0.000005	0.000005
2.13367	0.58287 	0.000005	0.000005
2.14675	0.59141 	0.000005	0.000005
2.16421	0.59785 	0.000005	0.000005
2.17730	0.62234 	0.000005	0.000005
2.19475	0.62685 	0.000005	0.000005
2.21657	0.63749 	0.000005	0.000005
2.23402	0.64216 	0.000005	0.000005
2.25147	0.64248 	0.000005	0.000005
2.26893	0.64409 	0.000005	0.000005
2.28638	0.64200 	0.000005	0.000005
2.30383	0.63636 	0.000005	0.000005
2.31692	0.62283 	0.000005	0.000005
2.33438	0.61993 	0.000005	0.000005
2.34747	0.60639 	0.000005	0.000005
2.36056	0.59753 	0.000005	0.000005
2.37801	0.58513 	0.000005	0.000005
2.39110	0.57014 	0.000005	0.000005
2.40855	0.56144 	0.000005	0.000005
2.42164	0.55145 	0.000005	0.000005
2.43910	0.53889 	0.000005	0.000005
2.45655	0.51794 	0.000005	0.000005
2.46964	0.50876 	0.000005	0.000005
2.48709	0.48846 	0.000005	0.000005
2.50455	0.46913 	0.000005	0.000005
2.52200	0.45028 	0.000005	0.000005
2.53945	0.42949 	0.000005	0.000005
2.55254	0.40726 	0.000005	0.000005
2.57000	0.38889 	0.000005	0.000005
2.59181	0.36601 	0.000005	0.000005
2.60927	0.33975 	0.000005	0.000005
2.62672	0.32525 	0.000005	0.000005
2.64417	0.29899 	0.000005	0.000005
2.65726	0.27821 	0.000005	0.000005
2.67035	0.26355 	0.000005	0.000005
2.67908	0.25034 	0.000005	0.000005
2.68344	0.24067 	0.000005	0.000005
2.68344	0.24792 	0.000005	0.000005
2.68344	0.24792 	0.000005	0.000005
2.68344	0.25211 	0.000005	0.000005
2.68344	0.24792 	0.000005	0.000005
2.68344	0.24599 	0.000005	0.000005
2.68344	0.24905 	0.000005	0.000005
2.68344	0.24824 	0.000005	0.000005
2.68344	0.24953 	0.000005	0.000005
2.68344	0.24792 	0.000005	0.000005
2.68344	0.25179 	0.000005	0.000005
2.68344	0.24292 	0.000005	0.000005
2.68344	0.25469 	0.000005	0.000005
2.68344	0.24905 	0.000005	0.000005
2.68344	0.24824 	0.000005	0.000005
2.68344	0.25082 	0.000005	0.000005
2.68344	0.24856 	0.000005	0.000005
2.68344	0.24389 	0.000005	0.000005
2.68344	0.25146 	0.000005	0.000005
2.69653	0.23294 	0.000005	0.000005
2.70526	0.22730 	0.000005	0.000005
2.72271	0.20281 	0.000005	0.000005
2.73580	0.19346 	0.000005	0.000005
2.75762	0.16607 	0.000005	0.000005
2.77944	0.13675 	0.000005	0.000005
2.80125	0.11903 	0.000005	0.000005
2.82743	0.09164 	0.000005	0.000005
2.85361	0.06957 	0.000005	0.000005
2.87979	0.04927 	0.000005	0.000005
2.90597	0.02961 	0.000005	0.000005
2.93215	0.01560 	0.000005	0.000005
2.94961	0.00545 	0.000005	0.000005
2.97142	-0.00680 	0.000005	0.000005
2.99324	-0.01163 	0.000005	0.000005
3.01506	-0.01405 	0.000005	0.000005
3.03251	-0.01083 	0.000005	0.000005
3.04996	-0.00825 	0.000005	0.000005
3.07178	-0.01163 	0.000005	0.000005
3.08923	-0.01034 	0.000005	0.000005
3.11105	-0.00390 	0.000005	0.000005
3.12850	0.00818 	0.000005	0.000005
3.15032	0.01527 	0.000005	0.000005