x	y	dx	dy
0.00000	-0.00003 	0.000005	0.000005
0.00000	0.00351 	0.000005	0.000005
0.00000	-0.00213 	0.000005	0.000005
0.00000	-0.00052 	0.000005	0.000005
0.00000	0.00271 	0.000005	0.000005
0.00000	0.00174 	0.000005	0.000005
0.00000	-0.00277 	0.000005	0.000005
0.00000	-0.00213 	0.000005	0.000005
0.00000	0.00029 	0.000005	0.000005
0.00000	0.00126 	0.000005	0.000005
0.00000	0.00464 	0.000005	0.000005
0.00000	0.00077 	0.000005	0.000005
0.00000	-0.00245 	0.000005	0.000005
0.00000	0.00061 	0.000005	0.000005
0.00000	-0.00180 	0.000005	0.000005
0.00000	-0.00116 	0.000005	0.000005
0.00000	0.00029 	0.000005	0.000005
0.00000	0.00641 	0.000005	0.000005
0.00000	-0.00132 	0.000005	0.000005
0.00000	-0.00068 	0.000005	0.000005
0.00000	0.00190 	0.000005	0.000005
0.00000	0.00351 	0.000005	0.000005
0.00000	0.00448 	0.000005	0.000005
0.00000	-0.00052 	0.000005	0.000005
0.00000	-0.00100 	0.000005	0.000005
0.00000	0.00190 	0.000005	0.000005
0.00000	0.00287 	0.000005	0.000005
0.00000	0.00029 	0.000005	0.000005
0.00000	-0.00164 	0.000005	0.000005
0.00000	0.00061 	0.000005	0.000005
0.00000	0.00593 	0.000005	0.000005
0.00000	0.00126 	0.000005	0.000005
0.00000	0.00045 	0.000005	0.000005
0.00000	0.00351 	0.000005	0.000005
0.00000	0.00303 	0.000005	0.000005
0.00000	0.00045 	0.000005	0.000005
0.00000	-0.00277 	0.000005	0.000005
0.00000	-0.00213 	0.000005	0.000005
0.00436	0.00093 	0.000005	0.000005
0.00436	-0.00197 	0.000005	0.000005
0.00436	-0.00664 	0.000005	0.000005
0.00873	-0.00809 	0.000005	0.000005
0.00873	-0.00986 	0.000005	0.000005
0.01309	-0.01389 	0.000005	0.000005
0.01309	-0.01759 	0.000005	0.000005
0.01745	-0.00889 	0.000005	0.000005
0.01745	-0.00986 	0.000005	0.000005
0.02182	-0.00970 	0.000005	0.000005
0.02182	-0.00680 	0.000005	0.000005
0.02618	-0.00229 	0.000005	0.000005
0.03054	-0.00035 	0.000005	0.000005
0.03054	-0.00148 	0.000005	0.000005
0.03491	0.00158 	0.000005	0.000005
0.03491	0.00947 	0.000005	0.000005
0.03927	0.01543 	0.000005	0.000005
0.03927	0.01817 	0.000005	0.000005
0.04363	0.02172 	0.000005	0.000005
0.04363	0.02188 	0.000005	0.000005
0.04800	0.03638 	0.000005	0.000005
0.04800	0.03976 	0.000005	0.000005
0.04800	0.03622 	0.000005	0.000005
0.05236	0.04605 	0.000005	0.000005
0.05236	0.05877 	0.000005	0.000005
0.05672	0.06264 	0.000005	0.000005
0.05672	0.07182 	0.000005	0.000005
0.06109	0.07730 	0.000005	0.000005
0.06109	0.08471 	0.000005	0.000005
0.06545	0.09309 	0.000005	0.000005
0.06981	0.10485 	0.000005	0.000005
0.06981	0.11323 	0.000005	0.000005
0.07418	0.12322 	0.000005	0.000005
0.07418	0.12596 	0.000005	0.000005
0.07854	0.14110 	0.000005	0.000005
0.07854	0.14835 	0.000005	0.000005
0.08290	0.15899 	0.000005	0.000005
0.08290	0.16575 	0.000005	0.000005
0.08290	0.17026 	0.000005	0.000005
0.08727	0.18251 	0.000005	0.000005
0.08727	0.19540 	0.000005	0.000005
0.09163	0.20587 	0.000005	0.000005
0.09599	0.21763 	0.000005	0.000005
0.09599	0.23213 	0.000005	0.000005
0.10036	0.24518 	0.000005	0.000005
0.10036	0.25759 	0.000005	0.000005
0.10472	0.27209 	0.000005	0.000005
0.10908	0.28256 	0.000005	0.000005
0.10908	0.29996 	0.000005	0.000005
0.11345	0.31494 	0.000005	0.000005
0.11345	0.31913 	0.000005	0.000005
0.11345	0.32606 	0.000005	0.000005
0.11781	0.33621 	0.000005	0.000005
0.11781	0.34442 	0.000005	0.000005
0.12217	0.35635 	0.000005	0.000005
0.12217	0.36779 	0.000005	0.000005
0.12217	0.37326 	0.000005	0.000005
0.12654	0.38712 	0.000005	0.000005
0.12654	0.40146 	0.000005	0.000005
0.13090	0.41854 	0.000005	0.000005
0.13090	0.43078 	0.000005	0.000005
0.13526	0.44125 	0.000005	0.000005
0.13526	0.45269 	0.000005	0.000005
0.13963	0.46445 	0.000005	0.000005
0.13963	0.47686 	0.000005	0.000005
0.13963	0.47557 	0.000005	0.000005
0.14399	0.49120 	0.000005	0.000005
0.14399	0.50054 	0.000005	0.000005
0.14835	0.50795 	0.000005	0.000005
0.14835	0.51810 	0.000005	0.000005
0.14835	0.52406 	0.000005	0.000005
0.15272	0.54098 	0.000005	0.000005
0.15272	0.54614 	0.000005	0.000005
0.15708	0.55822 	0.000005	0.000005
0.15708	0.57224 	0.000005	0.000005
0.16144	0.57771 	0.000005	0.000005
0.16144	0.58513 	0.000005	0.000005
0.16581	0.58948 	0.000005	0.000005
0.16581	0.59592 	0.000005	0.000005
0.17017	0.60462 	0.000005	0.000005
0.17017	0.61187 	0.000005	0.000005
0.17453	0.61219 	0.000005	0.000005
0.17453	0.61574 	0.000005	0.000005
0.17890	0.62605 	0.000005	0.000005
0.17890	0.62637 	0.000005	0.000005
0.17890	0.62814 	0.000005	0.000005
0.18326	0.62637 	0.000005	0.000005
0.18326	0.62782 	0.000005	0.000005
0.18762	0.63072 	0.000005	0.000005
0.18762	0.63443 	0.000005	0.000005
0.19199	0.63330 	0.000005	0.000005
0.19199	0.63443 	0.000005	0.000005
0.19199	0.63056 	0.000005	0.000005
0.19635	0.62863 	0.000005	0.000005
0.19635	0.62347 	0.000005	0.000005
0.19635	0.62540 	0.000005	0.000005
0.20071	0.62266 	0.000005	0.000005
0.20071	0.61719 	0.000005	0.000005
0.20508	0.62009 	0.000005	0.000005
0.20508	0.61719 	0.000005	0.000005
0.20508	0.60736 	0.000005	0.000005
0.20944	0.60881 	0.000005	0.000005
0.20944	0.60849 	0.000005	0.000005
0.21380	0.60478 	0.000005	0.000005
0.21380	0.60043 	0.000005	0.000005
0.21380	0.59946 	0.000005	0.000005
0.21817	0.60124 	0.000005	0.000005
0.21817	0.60091 	0.000005	0.000005
0.22253	0.59270 	0.000005	0.000005
0.22253	0.59640 	0.000005	0.000005
0.22689	0.59270 	0.000005	0.000005
0.22689	0.59141 	0.000005	0.000005
0.23126	0.58722 	0.000005	0.000005
0.23126	0.58206 	0.000005	0.000005
0.23562	0.57804 	0.000005	0.000005
0.23998	0.57304 	0.000005	0.000005
0.24435	0.56112 	0.000005	0.000005
0.24435	0.55306 	0.000005	0.000005
0.24871	0.54146 	0.000005	0.000005
0.24871	0.53438 	0.000005	0.000005
0.25307	0.53003 	0.000005	0.000005
0.25307	0.52519 	0.000005	0.000005
0.25744	0.51295 	0.000005	0.000005
0.26180	0.49716 	0.000005	0.000005
0.26180	0.49200 	0.000005	0.000005
0.26616	0.47718 	0.000005	0.000005
0.27053	0.46381 	0.000005	0.000005
0.27489	0.44560 	0.000005	0.000005
0.27489	0.43642 	0.000005	0.000005
0.27925	0.41966 	0.000005	0.000005
0.28362	0.40597 	0.000005	0.000005
0.28798	0.38776 	0.000005	0.000005
0.29234	0.37004 	0.000005	0.000005
0.29234	0.35361 	0.000005	0.000005
0.29671	0.33218 	0.000005	0.000005
0.30107	0.31542 	0.000005	0.000005
0.30107	0.30173 	0.000005	0.000005
0.30543	0.28852 	0.000005	0.000005
0.30980	0.26645 	0.000005	0.000005
0.30980	0.25436 	0.000005	0.000005
0.31416	0.23906 	0.000005	0.000005
0.31852	0.22762 	0.000005	0.000005
0.31852	0.21038 	0.000005	0.000005
0.32289	0.18670 	0.000005	0.000005
0.32725	0.17526 	0.000005	0.000005
0.33161	0.16253 	0.000005	0.000005
0.33161	0.14738 	0.000005	0.000005
0.33598	0.12580 	0.000005	0.000005
0.34034	0.11693 	0.000005	0.000005
0.34034	0.10533 	0.000005	0.000005
0.34470	0.09309 	0.000005	0.000005
0.34907	0.08552 	0.000005	0.000005
0.34907	0.07247 	0.000005	0.000005
0.35343	0.06473 	0.000005	0.000005
0.35779	0.05281 	0.000005	0.000005
0.35779	0.04556 	0.000005	0.000005
0.36216	0.03590 	0.000005	0.000005
0.36652	0.02913 	0.000005	0.000005
0.36652	0.01624 	0.000005	0.000005
0.37088	0.01125 	0.000005	0.000005
0.37525	0.00641 	0.000005	0.000005
0.37525	0.00303 	0.000005	0.000005
0.37961	0.00238 	0.000005	0.000005
0.38397	-0.00325 	0.000005	0.000005
0.38397	-0.00664 	0.000005	0.000005
0.38834	-0.00905 	0.000005	0.000005
0.38834	-0.00889 	0.000005	0.000005
0.39270	-0.00889 	0.000005	0.000005
0.39706	-0.01034 	0.000005	0.000005
0.39706	-0.00728 	0.000005	0.000005
0.40143	-0.00744 	0.000005	0.000005
0.40143	-0.00583 	0.000005	0.000005
0.40579	-0.00873 	0.000005	0.000005
0.40579	-0.00309 	0.000005	0.000005
0.41015	0.00335 	0.000005	0.000005
0.41452	0.00690 	0.000005	0.000005
0.41452	0.00464 	0.000005	0.000005
0.41888	0.01044 	0.000005	0.000005
0.41888	0.01479 	0.000005	0.000005
0.42324	0.02446 	0.000005	0.000005
0.42324	0.03300 	0.000005	0.000005
0.42761	0.03316 	0.000005	0.000005
0.42761	0.04121 	0.000005	0.000005
0.43197	0.05088 	0.000005	0.000005
0.43197	0.05974 	0.000005	0.000005
0.43633	0.07102 	0.000005	0.000005
0.44070	0.07972 	0.000005	0.000005
0.44070	0.08536 	0.000005	0.000005
0.44506	0.10308 	0.000005	0.000005
0.44942	0.11500 	0.000005	0.000005
0.45379	0.13224 	0.000005	0.000005
0.45379	0.14529 	0.000005	0.000005
0.45815	0.16044 	0.000005	0.000005
0.46251	0.16817 	0.000005	0.000005
0.46688	0.18815 	0.000005	0.000005
0.46688	0.20410 	0.000005	0.000005
0.47124	0.21135 	0.000005	0.000005
0.47560	0.23680 	0.000005	0.000005
0.47997	0.25324 	0.000005	0.000005
0.48433	0.27144 	0.000005	0.000005
0.48869	0.29996 	0.000005	0.000005
0.48869	0.32606 	0.000005	0.000005
0.49306	0.35071 	0.000005	0.000005
0.49742	0.36215 	0.000005	0.000005
0.50178	0.39872 	0.000005	0.000005
0.51051	0.43352 	0.000005	0.000005
0.51051	0.44351 	0.000005	0.000005
0.51487	0.47251 	0.000005	0.000005
0.51924	0.49378 	0.000005	0.000005
0.52360	0.52310 	0.000005	0.000005
0.52796	0.54420 	0.000005	0.000005
0.53233	0.56015 	0.000005	0.000005
0.53669	0.57852 	0.000005	0.000005
0.54105	0.59979 	0.000005	0.000005
0.54542	0.62121 	0.000005	0.000005
0.54542	0.64039 	0.000005	0.000005
0.54978	0.64909 	0.000005	0.000005
0.55851	0.66584 	0.000005	0.000005
0.56287	0.68324 	0.000005	0.000005
0.56287	0.69388 	0.000005	0.000005
0.56723	0.70048 	0.000005	0.000005
0.57160	0.69807 	0.000005	0.000005
0.57596	0.70950 	0.000005	0.000005
0.58032	0.72320 	0.000005	0.000005
0.58469	0.73319 	0.000005	0.000005
0.58905	0.73448 	0.000005	0.000005
0.58905	0.74463 	0.000005	0.000005
0.58905	0.74221 	0.000005	0.000005
0.59778	0.74463 	0.000005	0.000005
0.59778	0.74817 	0.000005	0.000005
0.60214	0.74849 	0.000005	0.000005
0.60650	0.74044 	0.000005	0.000005
0.61087	0.73754 	0.000005	0.000005
0.61523	0.73464 	0.000005	0.000005
0.61959	0.72352 	0.000005	0.000005
0.62396	0.71611 	0.000005	0.000005
0.62832	0.69935 	0.000005	0.000005
0.63268	0.69098 	0.000005	0.000005
0.63705	0.68147 	0.000005	0.000005
0.64141	0.66262 	0.000005	0.000005
0.64577	0.65134 	0.000005	0.000005
0.65014	0.63990 	0.000005	0.000005
0.65450	0.62589 	0.000005	0.000005
0.65886	0.61123 	0.000005	0.000005
0.66323	0.58819 	0.000005	0.000005
0.66759	0.56225 	0.000005	0.000005
0.67195	0.54356 	0.000005	0.000005
0.67632	0.52020 	0.000005	0.000005
0.68068	0.49925 	0.000005	0.000005
0.68504	0.47186 	0.000005	0.000005
0.68941	0.44158 	0.000005	0.000005
0.69377	0.41258 	0.000005	0.000005
0.69813	0.39485 	0.000005	0.000005
0.70250	0.37230 	0.000005	0.000005
0.70250	0.36327 	0.000005	0.000005
0.70686	0.34201 	0.000005	0.000005
0.71122	0.31752 	0.000005	0.000005
0.71558	0.29239 	0.000005	0.000005
0.71995	0.26967 	0.000005	0.000005
0.71995	0.24889 	0.000005	0.000005
0.72431	0.23358 	0.000005	0.000005
0.72867	0.21537 	0.000005	0.000005
0.72867	0.20313 	0.000005	0.000005
0.73304	0.18847 	0.000005	0.000005
0.73740	0.17284 	0.000005	0.000005
0.73740	0.16172 	0.000005	0.000005
0.74176	0.14465 	0.000005	0.000005
0.74176	0.13498 	0.000005	0.000005
0.74613	0.12064 	0.000005	0.000005
0.75049	0.10840 	0.000005	0.000005
0.75485	0.09212 	0.000005	0.000005
0.75922	0.06522 	0.000005	0.000005
0.76358	0.05281 	0.000005	0.000005
0.76794	0.04186 	0.000005	0.000005
0.77231	0.02623 	0.000005	0.000005
0.77667	0.02059 	0.000005	0.000005
0.78103	0.01511 	0.000005	0.000005
0.78103	0.00899 	0.000005	0.000005
0.78540	0.00319 	0.000005	0.000005
0.78976	-0.00148 	0.000005	0.000005
0.79849	-0.00454 	0.000005	0.000005
0.80285	-0.01083 	0.000005	0.000005
0.80721	-0.01115 	0.000005	0.000005
0.81158	-0.00825 	0.000005	0.000005
0.81594	-0.00503 	0.000005	0.000005
0.82030	-0.00052 	0.000005	0.000005
0.82030	0.00593 	0.000005	0.000005
0.82467	0.01221 	0.000005	0.000005
0.82903	0.01318 	0.000005	0.000005
0.83339	0.01737 	0.000005	0.000005
0.83776	0.03541 	0.000005	0.000005
0.84212	0.04701 	0.000005	0.000005
0.84648	0.06345 	0.000005	0.000005
0.85085	0.08052 	0.000005	0.000005
0.85521	0.09760 	0.000005	0.000005
0.86394	0.11919 	0.000005	0.000005
0.86830	0.14497 	0.000005	0.000005
0.87266	0.16479 	0.000005	0.000005
0.87703	0.18476 	0.000005	0.000005
0.88139	0.20490 	0.000005	0.000005
0.89012	0.22762 	0.000005	0.000005
0.89448	0.24953 	0.000005	0.000005
0.89884	0.27950 	0.000005	0.000005
0.90321	0.29819 	0.000005	0.000005
0.90757	0.31252 	0.000005	0.000005
0.91193	0.32348 	0.000005	0.000005
0.91630	0.36054 	0.000005	0.000005
0.92066	0.39550 	0.000005	0.000005
0.92502	0.41499 	0.000005	0.000005
0.92939	0.42514 	0.000005	0.000005
0.92939	0.44125 	0.000005	0.000005
0.93375	0.45575 	0.000005	0.000005
0.93811	0.46558 	0.000005	0.000005
0.94248	0.48491 	0.000005	0.000005
0.94684	0.49571 	0.000005	0.000005
0.94684	0.50618 	0.000005	0.000005
0.95120	0.51440 	0.000005	0.000005
0.95557	0.52938 	0.000005	0.000005
0.95993	0.53421 	0.000005	0.000005
0.95993	0.53711 	0.000005	0.000005
0.96429	0.54179 	0.000005	0.000005
0.96429	0.54871 	0.000005	0.000005
0.96866	0.55693 	0.000005	0.000005
0.97302	0.56289 	0.000005	0.000005
0.97302	0.56144 	0.000005	0.000005
0.97738	0.57014 	0.000005	0.000005
0.97738	0.57336 	0.000005	0.000005
0.98175	0.57498 	0.000005	0.000005
0.98611	0.58400 	0.000005	0.000005
0.98611	0.58996 	0.000005	0.000005
0.99047	0.58883 	0.000005	0.000005
0.99484	0.58851 	0.000005	0.000005
0.99920	0.59221 	0.000005	0.000005
1.00356	0.60204 	0.000005	0.000005
1.00793	0.59576 	0.000005	0.000005
1.00793	0.58754 	0.000005	0.000005
1.01229	0.58561 	0.000005	0.000005
1.01229	0.59270 	0.000005	0.000005
1.01665	0.58271 	0.000005	0.000005
1.02102	0.57224 	0.000005	0.000005
1.02102	0.57079 	0.000005	0.000005
1.02974	0.55903 	0.000005	0.000005
1.02974	0.55097 	0.000005	0.000005
1.03411	0.53470 	0.000005	0.000005
1.03847	0.52423 	0.000005	0.000005
1.04283	0.51230 	0.000005	0.000005
1.04720	0.49361 	0.000005	0.000005
1.05156	0.48089 	0.000005	0.000005
1.05592	0.46800 	0.000005	0.000005
1.06029	0.45446 	0.000005	0.000005
1.06029	0.43739 	0.000005	0.000005
1.06465	0.41435 	0.000005	0.000005
1.06901	0.40081 	0.000005	0.000005
1.07338	0.37858 	0.000005	0.000005
1.07774	0.35506 	0.000005	0.000005
1.08210	0.34877 	0.000005	0.000005
1.08210	0.33395 	0.000005	0.000005
1.08647	0.31994 	0.000005	0.000005
1.09083	0.30318 	0.000005	0.000005
1.09083	0.28884 	0.000005	0.000005
1.09519	0.27789 	0.000005	0.000005
1.09519	0.27096 	0.000005	0.000005
1.09956	0.25259 	0.000005	0.000005
1.10392	0.23890 	0.000005	0.000005
1.10392	0.22601 	0.000005	0.000005
1.10828	0.20619 	0.000005	0.000005
1.11265	0.18428 	0.000005	0.000005
1.12137	0.15222 	0.000005	0.000005
1.12574	0.13482 	0.000005	0.000005
1.13010	0.11436 	0.000005	0.000005
1.13010	0.10485 	0.000005	0.000005
1.13446	0.09067 	0.000005	0.000005
1.13883	0.07650 	0.000005	0.000005
1.14319	0.05797 	0.000005	0.000005
1.14755	0.04250 	0.000005	0.000005
1.15192	0.03960 	0.000005	0.000005
1.15628	0.02365 	0.000005	0.000005
1.16064	0.01527 	0.000005	0.000005
1.16501	0.00303 	0.000005	0.000005
1.16937	-0.00470 	0.000005	0.000005
1.17810	-0.01083 	0.000005	0.000005
1.18246	-0.01067 	0.000005	0.000005
1.19119	-0.00922 	0.000005	0.000005
1.19555	-0.00503 	0.000005	0.000005
1.19991	-0.00197 	0.000005	0.000005
1.19991	0.00174 	0.000005	0.000005
1.20428	0.00432 	0.000005	0.000005
1.21300	0.02107 	0.000005	0.000005
1.21737	0.03573 	0.000005	0.000005
1.22173	0.04959 	0.000005	0.000005
1.22609	0.06828 	0.000005	0.000005
1.23046	0.08213 	0.000005	0.000005
1.23482	0.09728 	0.000005	0.000005
1.23918	0.12580 	0.000005	0.000005
1.24355	0.14642 	0.000005	0.000005
1.24791	0.17429 	0.000005	0.000005
1.25227	0.19991 	0.000005	0.000005
1.25664	0.22875 	0.000005	0.000005
1.26100	0.24647 	0.000005	0.000005
1.26536	0.26129 	0.000005	0.000005
1.26973	0.28272 	0.000005	0.000005
1.27409	0.30044 	0.000005	0.000005
1.27409	0.31897 	0.000005	0.000005
1.27845	0.34410 	0.000005	0.000005
1.28718	0.37906 	0.000005	0.000005
1.29154	0.41322 	0.000005	0.000005
1.29591	0.44029 	0.000005	0.000005
1.29591	0.46784 	0.000005	0.000005
1.30463	0.49764 	0.000005	0.000005
1.30463	0.51891 	0.000005	0.000005
1.30900	0.54581 	0.000005	0.000005
1.31336	0.57272 	0.000005	0.000005
1.31772	0.59463 	0.000005	0.000005
1.32209	0.62138 	0.000005	0.000005
1.32645	0.64264 	0.000005	0.000005
1.33081	0.66729 	0.000005	0.000005
1.33518	0.68969 	0.000005	0.000005
1.34390	0.70097 	0.000005	0.000005
1.34827	0.71659 	0.000005	0.000005
1.35263	0.73609 	0.000005	0.000005
1.35699	0.74608 	0.000005	0.000005
1.36136	0.75462 	0.000005	0.000005
1.36572	0.76380 	0.000005	0.000005
1.37008	0.78410 	0.000005	0.000005
1.37445	0.79812 	0.000005	0.000005
1.37881	0.80730 	0.000005	0.000005
1.37881	0.81616 	0.000005	0.000005
1.38317	0.82647 	0.000005	0.000005
1.38754	0.84548 	0.000005	0.000005
1.39190	0.85161 	0.000005	0.000005
1.39626	0.85354 	0.000005	0.000005
1.40063	0.85338 	0.000005	0.000005
1.40063	0.84387 	0.000005	0.000005
1.40499	0.84371 	0.000005	0.000005
1.40935	0.82550 	0.000005	0.000005
1.41372	0.81117 	0.000005	0.000005
1.41808	0.79924 	0.000005	0.000005
1.41808	0.78974 	0.000005	0.000005
1.42244	0.76960 	0.000005	0.000005
1.42681	0.75284 	0.000005	0.000005
1.43117	0.73512 	0.000005	0.000005
1.43117	0.71998 	0.000005	0.000005
1.43553	0.70854 	0.000005	0.000005
1.43990	0.69710 	0.000005	0.000005
1.43990	0.68163 	0.000005	0.000005
1.44426	0.67019 	0.000005	0.000005
1.44426	0.65424 	0.000005	0.000005
1.44862	0.64603 	0.000005	0.000005
1.45299	0.63475 	0.000005	0.000005
1.45299	0.62685 	0.000005	0.000005
1.45735	0.61751 	0.000005	0.000005
1.45735	0.59898 	0.000005	0.000005
1.46171	0.59109 	0.000005	0.000005
1.46171	0.57433 	0.000005	0.000005
1.46608	0.55935 	0.000005	0.000005
1.46608	0.55242 	0.000005	0.000005
1.47044	0.53679 	0.000005	0.000005
1.47044	0.51150 	0.000005	0.000005
1.47480	0.49813 	0.000005	0.000005
1.47480	0.47928 	0.000005	0.000005
1.47917	0.46816 	0.000005	0.000005
1.48353	0.45495 	0.000005	0.000005
1.48353	0.43545 	0.000005	0.000005
1.48789	0.42144 	0.000005	0.000005
1.48789	0.39469 	0.000005	0.000005
1.49226	0.37906 	0.000005	0.000005
1.49662	0.36263 	0.000005	0.000005
1.49662	0.34297 	0.000005	0.000005
1.50098	0.33347 	0.000005	0.000005
1.50098	0.31591 	0.000005	0.000005
1.50535	0.29915 	0.000005	0.000005
1.50535	0.29287 	0.000005	0.000005
1.50535	0.29045 	0.000005	0.000005
1.50535	0.28836 	0.000005	0.000005
1.51407	0.25662 	0.000005	0.000005
1.51407	0.23422 	0.000005	0.000005
1.51844	0.22697 	0.000005	0.000005
1.52280	0.20506 	0.000005	0.000005
1.52280	0.19427 	0.000005	0.000005
1.52716	0.18202 	0.000005	0.000005
1.53153	0.17010 	0.000005	0.000005
1.53153	0.15029 	0.000005	0.000005
1.53589	0.13143 	0.000005	0.000005
1.54025	0.11339 	0.000005	0.000005
1.54462	0.09937 	0.000005	0.000005
1.54462	0.08777 	0.000005	0.000005
1.54898	0.07633 	0.000005	0.000005
1.55334	0.05877 	0.000005	0.000005
1.55771	0.03783 	0.000005	0.000005
1.56207	0.03670 	0.000005	0.000005
1.56643	0.03235 	0.000005	0.000005
1.56643	0.01753 	0.000005	0.000005
1.57080	0.00996 	0.000005	0.000005
1.57516	0.00126 	0.000005	0.000005
1.57952	-0.00664 	0.000005	0.000005
1.58389	-0.01131 	0.000005	0.000005
1.58825	-0.01099 	0.000005	0.000005
1.59261	-0.01324 	0.000005	0.000005
1.59698	-0.01485 	0.000005	0.000005
1.60134	-0.00599 	0.000005	0.000005
1.60570	-0.00535 	0.000005	0.000005
1.60570	-0.00293 	0.000005	0.000005
1.61007	0.00367 	0.000005	0.000005
1.61879	0.01479 	0.000005	0.000005
1.61879	0.02156 	0.000005	0.000005
1.62316	0.03106 	0.000005	0.000005
1.62316	0.03396 	0.000005	0.000005
1.63188	0.05297 	0.000005	0.000005
1.63625	0.07215 	0.000005	0.000005
1.64061	0.08487 	0.000005	0.000005
1.64497	0.09970 	0.000005	0.000005
1.64934	0.11742 	0.000005	0.000005
1.65370	0.13208 	0.000005	0.000005
1.65806	0.15899 	0.000005	0.000005
1.66243	0.17977 	0.000005	0.000005
1.66679	0.20539 	0.000005	0.000005
1.67115	0.23052 	0.000005	0.000005
1.67988	0.25581 	0.000005	0.000005
1.67988	0.26693 	0.000005	0.000005
1.68424	0.29061 	0.000005	0.000005
1.68861	0.31994 	0.000005	0.000005
1.69297	0.33717 	0.000005	0.000005
1.69733	0.35554 	0.000005	0.000005
1.70170	0.37697 	0.000005	0.000005
1.70606	0.40597 	0.000005	0.000005
1.71042	0.42466 	0.000005	0.000005
1.71479	0.44754 	0.000005	0.000005
1.71479	0.46848 	0.000005	0.000005
1.72351	0.49474 	0.000005	0.000005
1.72351	0.51810 	0.000005	0.000005
1.72788	0.53373 	0.000005	0.000005
1.73224	0.55468 	0.000005	0.000005
1.73660	0.57111 	0.000005	0.000005
1.74097	0.58754 	0.000005	0.000005
1.74533	0.59463 	0.000005	0.000005
1.74533	0.60269 	0.000005	0.000005
1.74969	0.61348 	0.000005	0.000005
1.75406	0.61880 	0.000005	0.000005
1.75842	0.62347 	0.000005	0.000005
1.76278	0.62444 	0.000005	0.000005
1.76278	0.62975 	0.000005	0.000005
1.76715	0.62621 	0.000005	0.000005
1.77151	0.62299 	0.000005	0.000005
1.77151	0.61622 	0.000005	0.000005
1.77587	0.61429 	0.000005	0.000005
1.78024	0.61670 	0.000005	0.000005
1.78460	0.61380 	0.000005	0.000005
1.78460	0.60994 	0.000005	0.000005
1.78896	0.60011 	0.000005	0.000005
1.79333	0.59689 	0.000005	0.000005
1.79333	0.59463 	0.000005	0.000005
1.79769	0.58754 	0.000005	0.000005
1.80205	0.58158 	0.000005	0.000005
1.80642	0.57514 	0.000005	0.000005
1.80642	0.56531 	0.000005	0.000005
1.81078	0.55645 	0.000005	0.000005
1.81514	0.54839 	0.000005	0.000005
1.81951	0.54082 	0.000005	0.000005
1.82387	0.52922 	0.000005	0.000005
1.82823	0.51746 	0.000005	0.000005
1.82823	0.50666 	0.000005	0.000005
1.83260	0.48798 	0.000005	0.000005
1.83696	0.47686 	0.000005	0.000005
1.84132	0.46606 	0.000005	0.000005
1.84569	0.45704 	0.000005	0.000005
1.84569	0.45108 	0.000005	0.000005
1.85005	0.44319 	0.000005	0.000005
1.85441	0.42482 	0.000005	0.000005
1.85878	0.40823 	0.000005	0.000005
1.86314	0.39453 	0.000005	0.000005
1.86314	0.37262 	0.000005	0.000005
1.86750	0.35586 	0.000005	0.000005
1.87187	0.32976 	0.000005	0.000005
1.87623	0.30560 	0.000005	0.000005
1.88059	0.28884 	0.000005	0.000005
1.88496	0.26999 	0.000005	0.000005
1.88932	0.24147 	0.000005	0.000005
1.89805	0.20474 	0.000005	0.000005
1.90241	0.17961 	0.000005	0.000005
1.90677	0.15576 	0.000005	0.000005
1.91114	0.14078 	0.000005	0.000005
1.91550	0.12193 	0.000005	0.000005
1.91986	0.09277 	0.000005	0.000005
1.92423	0.07923 	0.000005	0.000005
1.92859	0.06055 	0.000005	0.000005
1.93295	0.04218 	0.000005	0.000005
1.93732	0.03106 	0.000005	0.000005
1.94168	0.02268 	0.000005	0.000005
1.94604	0.00915 	0.000005	0.000005
1.95041	0.00931 	0.000005	0.000005
1.95477	0.00496 	0.000005	0.000005
1.95477	-0.00406 	0.000005	0.000005
1.95913	-0.00857 	0.000005	0.000005
1.96350	-0.01083 	0.000005	0.000005
1.96786	-0.01485 	0.000005	0.000005
1.97222	-0.00793 	0.000005	0.000005
1.98095	-0.01292 	0.000005	0.000005
1.98095	-0.00825 	0.000005	0.000005
1.98531	0.00045 	0.000005	0.000005
1.98968	0.00496 	0.000005	0.000005
1.99404	0.00867 	0.000005	0.000005
1.99840	0.02140 	0.000005	0.000005
2.00277	0.03557 	0.000005	0.000005
2.00713	0.04862 	0.000005	0.000005
2.01149	0.05861 	0.000005	0.000005
2.01586	0.07521 	0.000005	0.000005
2.02022	0.09857 	0.000005	0.000005
2.02458	0.11420 	0.000005	0.000005
2.02895	0.12483 	0.000005	0.000005
2.03331	0.14223 	0.000005	0.000005
2.03767	0.16237 	0.000005	0.000005
2.04204	0.17300 	0.000005	0.000005
2.04640	0.19636 	0.000005	0.000005
2.04640	0.21634 	0.000005	0.000005
2.05076	0.23471 	0.000005	0.000005
2.05513	0.24953 	0.000005	0.000005
2.05949	0.26677 	0.000005	0.000005
2.05949	0.28272 	0.000005	0.000005
2.06385	0.29770 	0.000005	0.000005
2.06822	0.31704 	0.000005	0.000005
2.06822	0.32702 	0.000005	0.000005
2.07258	0.34265 	0.000005	0.000005
2.07694	0.36327 	0.000005	0.000005
2.08131	0.39002 	0.000005	0.000005
2.08567	0.42305 	0.000005	0.000005
2.09003	0.45140 	0.000005	0.000005
2.09440	0.47331 	0.000005	0.000005
2.09876	0.49587 	0.000005	0.000005
2.10312	0.51859 	0.000005	0.000005
2.10749	0.55484 	0.000005	0.000005
2.11621	0.58625 	0.000005	0.000005
2.12058	0.61268 	0.000005	0.000005
2.12494	0.63862 	0.000005	0.000005
2.13367	0.65988 	0.000005	0.000005
2.13803	0.68002 	0.000005	0.000005
2.14239	0.69919 	0.000005	0.000005
2.14675	0.71692 	0.000005	0.000005
2.15548	0.73287 	0.000005	0.000005
2.15984	0.73045 	0.000005	0.000005
2.16421	0.73383 	0.000005	0.000005
2.16421	0.73738 	0.000005	0.000005
2.16857	0.74124 	0.000005	0.000005
2.17293	0.74382 	0.000005	0.000005
2.17730	0.74398 	0.000005	0.000005
2.18166	0.74108 	0.000005	0.000005
2.18602	0.73528 	0.000005	0.000005
2.19039	0.73335 	0.000005	0.000005
2.19039	0.72239 	0.000005	0.000005
2.19475	0.72046 	0.000005	0.000005
2.19911	0.70757 	0.000005	0.000005
2.20348	0.69484 	0.000005	0.000005
2.20784	0.67728 	0.000005	0.000005
2.21657	0.65344 	0.000005	0.000005
2.22093	0.64619 	0.000005	0.000005
2.22529	0.63733 	0.000005	0.000005
2.22966	0.61960 	0.000005	0.000005
2.23402	0.60301 	0.000005	0.000005
2.23402	0.59076 	0.000005	0.000005
2.24275	0.56708 	0.000005	0.000005
2.24711	0.54823 	0.000005	0.000005
2.25147	0.52680 	0.000005	0.000005
2.25584	0.50006 	0.000005	0.000005
2.26020	0.46864 	0.000005	0.000005
2.26456	0.44254 	0.000005	0.000005
2.26893	0.41274 	0.000005	0.000005
2.27329	0.37906 	0.000005	0.000005
2.27765	0.35522 	0.000005	0.000005
2.28202	0.33331 	0.000005	0.000005
2.28638	0.31269 	0.000005	0.000005
2.29074	0.28965 	0.000005	0.000005
2.29511	0.25597 	0.000005	0.000005
2.29947	0.23213 	0.000005	0.000005
2.30383	0.21151 	0.000005	0.000005
2.30820	0.18412 	0.000005	0.000005
2.31256	0.16833 	0.000005	0.000005
2.31692	0.15737 	0.000005	0.000005
2.31692	0.14448 	0.000005	0.000005
2.32129	0.12531 	0.000005	0.000005
2.32565	0.10678 	0.000005	0.000005
2.33001	0.09212 	0.000005	0.000005
2.33438	0.07682 	0.000005	0.000005
2.33438	0.06216 	0.000005	0.000005
2.33874	0.05990 	0.000005	0.000005
2.34310	0.05007 	0.000005	0.000005
2.34310	0.03493 	0.000005	0.000005
2.34747	0.02768 	0.000005	0.000005
2.35619	0.01463 	0.000005	0.000005
2.36056	0.00641 	0.000005	0.000005
2.36492	0.00287 	0.000005	0.000005
2.36492	-0.00664 	0.000005	0.000005
2.36928	-0.00615 	0.000005	0.000005
2.37365	-0.00615 	0.000005	0.000005
2.37365	-0.00760 	0.000005	0.000005
2.37801	-0.01276 	0.000005	0.000005
2.38674	-0.01179 	0.000005	0.000005
2.39110	-0.00599 	0.000005	0.000005
2.39546	0.00126 	0.000005	0.000005
2.39983	0.00206 	0.000005	0.000005
2.39983	0.00577 	0.000005	0.000005
2.40419	0.01366 	0.000005	0.000005
2.40855	0.02011 	0.000005	0.000005
2.41292	0.02897 	0.000005	0.000005
2.41292	0.03896 	0.000005	0.000005
2.41728	0.05136 	0.000005	0.000005
2.42164	0.05942 	0.000005	0.000005
2.42601	0.07247 	0.000005	0.000005
2.43037	0.08213 	0.000005	0.000005
2.43037	0.09744 	0.000005	0.000005
2.43473	0.10888 	0.000005	0.000005
2.43910	0.11967 	0.000005	0.000005
2.44346	0.13288 	0.000005	0.000005
2.44782	0.15480 	0.000005	0.000005
2.44782	0.16946 	0.000005	0.000005
2.45219	0.17719 	0.000005	0.000005
2.45655	0.19201 	0.000005	0.000005
2.45655	0.20909 	0.000005	0.000005
2.46091	0.22810 	0.000005	0.000005
2.46528	0.24808 	0.000005	0.000005
2.46964	0.26741 	0.000005	0.000005
2.47400	0.28771 	0.000005	0.000005
2.47837	0.31381 	0.000005	0.000005
2.48273	0.32928 	0.000005	0.000005
2.48709	0.34990 	0.000005	0.000005
2.49146	0.36779 	0.000005	0.000005
2.49146	0.37874 	0.000005	0.000005
2.49582	0.39936 	0.000005	0.000005
2.50018	0.41983 	0.000005	0.000005
2.50455	0.43368 	0.000005	0.000005
2.50891	0.45479 	0.000005	0.000005
2.51327	0.46880 	0.000005	0.000005
2.51764	0.48943 	0.000005	0.000005
2.52200	0.50151 	0.000005	0.000005
2.52636	0.51456 	0.000005	0.000005
2.53073	0.52858 	0.000005	0.000005
2.53509	0.54598 	0.000005	0.000005
2.53509	0.55339 	0.000005	0.000005
2.53945	0.55596 	0.000005	0.000005
2.54382	0.56160 	0.000005	0.000005
2.54818	0.56193 	0.000005	0.000005
2.54818	0.56209 	0.000005	0.000005
2.55254	0.57272 	0.000005	0.000005
2.55691	0.57707 	0.000005	0.000005
2.56127	0.57723 	0.000005	0.000005
2.56563	0.57610 	0.000005	0.000005
2.56563	0.57949 	0.000005	0.000005
2.57000	0.58190 	0.000005	0.000005
2.57436	0.58110 	0.000005	0.000005
2.57436	0.57562 	0.000005	0.000005
2.57872	0.57369 	0.000005	0.000005
2.57872	0.57530 	0.000005	0.000005
2.58309	0.57739 	0.000005	0.000005
2.58745	0.56837 	0.000005	0.000005
2.59181	0.56676 	0.000005	0.000005
2.59181	0.56483 	0.000005	0.000005
2.59618	0.55838 	0.000005	0.000005
2.60054	0.54807 	0.000005	0.000005
2.60054	0.54211 	0.000005	0.000005
2.60490	0.54082 	0.000005	0.000005
2.60927	0.53486 	0.000005	0.000005
2.60927	0.52825 	0.000005	0.000005
2.61363	0.52052 	0.000005	0.000005
2.61363	0.51488 	0.000005	0.000005
2.61799	0.50586 	0.000005	0.000005
2.62236	0.49796 	0.000005	0.000005
2.62236	0.48234 	0.000005	0.000005
2.62672	0.47412 	0.000005	0.000005
2.63108	0.45430 	0.000005	0.000005
2.63545	0.43175 	0.000005	0.000005
2.63981	0.42240 	0.000005	0.000005
2.63981	0.40581 	0.000005	0.000005
2.64417	0.39840 	0.000005	0.000005
2.64854	0.38067 	0.000005	0.000005
2.64854	0.37133 	0.000005	0.000005
2.65290	0.35747 	0.000005	0.000005
2.65726	0.33556 	0.000005	0.000005
2.66163	0.31720 	0.000005	0.000005
2.66599	0.29883 	0.000005	0.000005
2.67035	0.28385 	0.000005	0.000005
2.67035	0.27160 	0.000005	0.000005
2.67472	0.24872 	0.000005	0.000005
2.67908	0.23439 	0.000005	0.000005
2.68344	0.21763 	0.000005	0.000005
2.68781	0.19717 	0.000005	0.000005
2.68781	0.17735 	0.000005	0.000005
2.69217	0.15834 	0.000005	0.000005
2.69653	0.14432 	0.000005	0.000005
2.70090	0.13675 	0.000005	0.000005
2.70090	0.12145 	0.000005	0.000005
2.70526	0.11162 	0.000005	0.000005
2.70526	0.10421 	0.000005	0.000005
2.70962	0.09357 	0.000005	0.000005
2.71399	0.08584 	0.000005	0.000005
2.71835	0.07086 	0.000005	0.000005
2.71835	0.06119 	0.000005	0.000005
2.72271	0.04621 	0.000005	0.000005
2.72708	0.03171 	0.000005	0.000005
2.73144	0.02736 	0.000005	0.000005
2.73580	0.01624 	0.000005	0.000005
2.74017	0.01076 	0.000005	0.000005
2.74453	-0.00390 	0.000005	0.000005
2.74889	-0.00889 	0.000005	0.000005
2.75326	-0.01131 	0.000005	0.000005
2.75762	-0.01212 	0.000005	0.000005
2.76198	-0.00857 	0.000005	0.000005
2.76198	-0.01373 	0.000005	0.000005
2.76635	-0.00744 	0.000005	0.000005
2.77071	-0.00938 	0.000005	0.000005
2.77071	-0.00422 	0.000005	0.000005
2.77507	0.00319 	0.000005	0.000005
2.77944	0.00754 	0.000005	0.000005
2.78380	0.01688 	0.000005	0.000005
2.78816	0.02333 	0.000005	0.000005
2.79253	0.03122 	0.000005	0.000005
2.79689	0.04750 	0.000005	0.000005
2.80125	0.05620 	0.000005	0.000005
2.80562	0.06941 	0.000005	0.000005
2.80998	0.09003 	0.000005	0.000005
2.81434	0.11532 	0.000005	0.000005
2.81871	0.14320 	0.000005	0.000005
2.82307	0.16511 	0.000005	0.000005
2.82743	0.19169 	0.000005	0.000005
2.83180	0.20667 	0.000005	0.000005
2.83616	0.23229 	0.000005	0.000005
2.84052	0.25549 	0.000005	0.000005
2.84489	0.27160 	0.000005	0.000005
2.84925	0.29077 	0.000005	0.000005
2.85361	0.31478 	0.000005	0.000005
2.85798	0.34861 	0.000005	0.000005
2.86234	0.38728 	0.000005	0.000005
2.86670	0.41805 	0.000005	0.000005
2.87107	0.44544 	0.000005	0.000005
2.87543	0.46687 	0.000005	0.000005
2.87979	0.48894 	0.000005	0.000005
2.88416	0.51005 	0.000005	0.000005
2.88852	0.53728 	0.000005	0.000005
2.89288	0.56660 	0.000005	0.000005
2.89725	0.59350 	0.000005	0.000005
2.90161	0.60784 	0.000005	0.000005
2.90161	0.62460 	0.000005	0.000005
2.90597	0.63410 	0.000005	0.000005
2.90597	0.64119 	0.000005	0.000005
2.91034	0.65263 	0.000005	0.000005
2.91034	0.67164 	0.000005	0.000005
2.91470	0.68920 	0.000005	0.000005
2.91906	0.70564 	0.000005	0.000005
2.92343	0.71128 	0.000005	0.000005
2.92779	0.72481 	0.000005	0.000005
2.92779	0.73834 	0.000005	0.000005
2.93652	0.74173 	0.000005	0.000005
2.94088	0.74414 	0.000005	0.000005
2.94524	0.76090 	0.000005	0.000005
2.94961	0.77685 	0.000005	0.000005
2.95397	0.78652 	0.000005	0.000005
2.96270	0.78974 	0.000005	0.000005
2.96706	0.81052 	0.000005	0.000005
2.97142	0.83308 	0.000005	0.000005
2.97579	0.83308 	0.000005	0.000005
2.98015	0.82744 	0.000005	0.000005
2.98451	0.80939 	0.000005	0.000005
2.98888	0.79828 	0.000005	0.000005
2.99324	0.77572 	0.000005	0.000005
2.99760	0.76154 	0.000005	0.000005
3.00197	0.74350 	0.000005	0.000005
3.00633	0.71144 	0.000005	0.000005
3.01506	0.68485 	0.000005	0.000005
3.01942	0.66294 	0.000005	0.000005
3.02378	0.64055 	0.000005	0.000005
3.02815	0.61976 	0.000005	0.000005
3.03251	0.60543 	0.000005	0.000005
3.03251	0.59044 	0.000005	0.000005
3.03687	0.57111 	0.000005	0.000005
3.04124	0.55951 	0.000005	0.000005
3.04124	0.54549 	0.000005	0.000005
3.04560	0.53599 	0.000005	0.000005
3.04560	0.50747 	0.000005	0.000005
3.04996	0.48926 	0.000005	0.000005
3.05433	0.47557 	0.000005	0.000005
3.05433	0.45479 	0.000005	0.000005
3.05869	0.43271 	0.000005	0.000005
3.06305	0.41403 	0.000005	0.000005
3.06305	0.40452 	0.000005	0.000005
3.06742	0.38986 	0.000005	0.000005
3.06742	0.36569 	0.000005	0.000005
3.07178	0.35200 	0.000005	0.000005
3.07614	0.32751 	0.000005	0.000005
3.07614	0.31317 	0.000005	0.000005
3.08051	0.29593 	0.000005	0.000005
3.08487	0.28739 	0.000005	0.000005
3.08487	0.28224 	0.000005	0.000005
3.08923	0.26854 	0.000005	0.000005
3.09360	0.23648 	0.000005	0.000005
3.09796	0.20925 	0.000005	0.000005
3.09796	0.19781 	0.000005	0.000005
3.10232	0.17800 	0.000005	0.000005
3.10669	0.16672 	0.000005	0.000005
3.10669	0.15319 	0.000005	0.000005
3.11105	0.14158 	0.000005	0.000005
3.11105	0.13595 	0.000005	0.000005
3.11541	0.12934 	0.000005	0.000005
3.11541	0.12531 	0.000005	0.000005
3.11541	0.12112 	0.000005	0.000005
3.11541	0.11162 	0.000005	0.000005
3.11541	0.11903 	0.000005	0.000005
3.11541	0.11420 	0.000005	0.000005
3.11541	0.10630 	0.000005	0.000005
3.11541	0.10856 	0.000005	0.000005
3.11978	0.10050 	0.000005	0.000005
3.11978	0.10002 	0.000005	0.000005
3.11978	0.09003 	0.000005	0.000005
3.12414	0.08665 	0.000005	0.000005
3.12414	0.07988 	0.000005	0.000005
3.12414	0.07070 	0.000005	0.000005
3.12850	0.06892 	0.000005	0.000005
3.12850	0.06490 	0.000005	0.000005
3.12850	0.05475 	0.000005	0.000005
3.13287	0.04814 	0.000005	0.000005
3.13287	0.04298 	0.000005	0.000005
3.13287	0.04476 	0.000005	0.000005
3.13723	0.04170 	0.000005	0.000005
3.13723	0.03090 	0.000005	0.000005
3.13723	0.02655 	0.000005	0.000005
3.14159	0.02462 	0.000005	0.000005
0.00000	0.00690 	0.000005	0.000005
0.00000	0.00883 	0.000005	0.000005
0.00000	0.00367 	0.000005	0.000005
0.00000	0.00690 	0.000005	0.000005
0.00000	0.00641 	0.000005	0.000005
0.00000	0.00835 	0.000005	0.000005
0.00000	0.01092 	0.000005	0.000005
0.00000	0.00367 	0.000005	0.000005
0.00000	0.00754 	0.000005	0.000005
0.00000	0.00609 	0.000005	0.000005
0.00000	0.00899 	0.000005	0.000005
0.00000	0.00335 	0.000005	0.000005
0.00000	0.00609 	0.000005	0.000005
0.00000	0.00432 	0.000005	0.000005
0.00000	0.00142 	0.000005	0.000005
0.00000	0.00770 	0.000005	0.000005
0.00000	0.00963 	0.000005	0.000005
0.00000	0.01157 	0.000005	0.000005
0.00000	0.00673 	0.000005	0.000005
-0.00436	0.01060 	0.000005	0.000005
-0.00436	0.01125 	0.000005	0.000005
-0.00436	0.00400 	0.000005	0.000005
-0.00436	0.00851 	0.000005	0.000005
-0.00436	0.01141 	0.000005	0.000005
-0.00436	0.01253 	0.000005	0.000005
-0.00436	0.01092 	0.000005	0.000005
-0.00436	0.01479 	0.000005	0.000005
-0.00436	0.01108 	0.000005	0.000005
-0.00436	0.01511 	0.000005	0.000005
-0.00873	0.02575 	0.000005	0.000005
-0.01309	0.03316 	0.000005	0.000005
-0.01309	0.03590 	0.000005	0.000005
-0.01745	0.05072 	0.000005	0.000005
-0.02182	0.06361 	0.000005	0.000005
-0.02618	0.07795 	0.000005	0.000005
-0.03054	0.09212 	0.000005	0.000005
-0.03491	0.10695 	0.000005	0.000005
-0.03491	0.12290 	0.000005	0.000005
-0.03927	0.14158 	0.000005	0.000005
-0.04363	0.14642 	0.000005	0.000005
-0.04363	0.16495 	0.000005	0.000005
-0.04800	0.17397 	0.000005	0.000005
-0.05236	0.19217 	0.000005	0.000005
-0.05236	0.20990 	0.000005	0.000005
-0.05672	0.22230 	0.000005	0.000005
-0.06109	0.24180 	0.000005	0.000005
-0.06545	0.26177 	0.000005	0.000005
-0.06545	0.27579 	0.000005	0.000005
-0.06545	0.28642 	0.000005	0.000005
-0.06981	0.30350 	0.000005	0.000005
-0.06981	0.31140 	0.000005	0.000005
-0.07418	0.32042 	0.000005	0.000005
-0.07418	0.33637 	0.000005	0.000005
-0.07854	0.35586 	0.000005	0.000005
-0.08290	0.37326 	0.000005	0.000005
-0.08290	0.39228 	0.000005	0.000005
-0.08727	0.40468 	0.000005	0.000005
-0.09163	0.42208 	0.000005	0.000005
-0.09163	0.43835 	0.000005	0.000005
-0.09599	0.45624 	0.000005	0.000005
-0.10036	0.47847 	0.000005	0.000005
-0.10036	0.49023 	0.000005	0.000005
-0.10472	0.49990 	0.000005	0.000005
-0.10472	0.52761 	0.000005	0.000005
-0.10908	0.54694 	0.000005	0.000005
-0.11345	0.56160 	0.000005	0.000005
-0.11345	0.58045 	0.000005	0.000005
-0.11781	0.59689 	0.000005	0.000005
-0.11781	0.60236 	0.000005	0.000005
-0.12217	0.61719 	0.000005	0.000005
-0.12217	0.63620 	0.000005	0.000005
-0.12217	0.63749 	0.000005	0.000005
-0.12654	0.64442 	0.000005	0.000005
-0.12654	0.65150 	0.000005	0.000005
-0.12654	0.65457 	0.000005	0.000005
-0.12654	0.66278 	0.000005	0.000005
-0.12654	0.66778 	0.000005	0.000005
-0.13090	0.67116 	0.000005	0.000005
-0.13090	0.68421 	0.000005	0.000005
-0.13090	0.69452 	0.000005	0.000005
-0.13526	0.70354 	0.000005	0.000005
-0.13526	0.70902 	0.000005	0.000005
-0.13963	0.70983 	0.000005	0.000005
-0.13963	0.72304 	0.000005	0.000005
-0.14399	0.74302 	0.000005	0.000005
-0.14399	0.75558 	0.000005	0.000005
-0.14835	0.76235 	0.000005	0.000005
-0.14835	0.77185 	0.000005	0.000005
-0.15272	0.78217 	0.000005	0.000005
-0.15708	0.79151 	0.000005	0.000005
-0.15708	0.79489 	0.000005	0.000005
-0.16144	0.79731 	0.000005	0.000005
-0.16144	0.79199 	0.000005	0.000005
-0.16581	0.80134 	0.000005	0.000005
-0.16581	0.79924 	0.000005	0.000005
-0.17017	0.80392 	0.000005	0.000005
-0.17017	0.79779 	0.000005	0.000005
-0.17453	0.79457 	0.000005	0.000005
-0.17453	0.79908 	0.000005	0.000005
-0.17890	0.79618 	0.000005	0.000005
-0.17890	0.78571 	0.000005	0.000005
-0.18326	0.79087 	0.000005	0.000005
-0.18762	0.78571 	0.000005	0.000005
-0.19199	0.78281 	0.000005	0.000005
-0.19199	0.77572 	0.000005	0.000005
-0.19635	0.77169 	0.000005	0.000005
-0.20071	0.76799 	0.000005	0.000005
-0.20508	0.75526 	0.000005	0.000005
-0.20944	0.74785 	0.000005	0.000005
-0.21380	0.74849 	0.000005	0.000005
-0.21380	0.73883 	0.000005	0.000005
-0.21817	0.73705 	0.000005	0.000005
-0.22253	0.72578 	0.000005	0.000005
-0.22253	0.71965 	0.000005	0.000005
-0.22689	0.71192 	0.000005	0.000005
-0.23126	0.69581 	0.000005	0.000005
-0.23126	0.68453 	0.000005	0.000005
-0.23562	0.68308 	0.000005	0.000005
-0.23562	0.67116 	0.000005	0.000005
-0.23998	0.64989 	0.000005	0.000005
-0.24435	0.64425 	0.000005	0.000005
-0.24435	0.62992 	0.000005	0.000005
-0.24871	0.61525 	0.000005	0.000005
-0.25307	0.59270 	0.000005	0.000005
-0.25744	0.57852 	0.000005	0.000005
-0.25744	0.56176 	0.000005	0.000005
-0.26180	0.54098 	0.000005	0.000005
-0.26616	0.52342 	0.000005	0.000005
-0.26616	0.50376 	0.000005	0.000005
-0.27053	0.48459 	0.000005	0.000005
-0.27489	0.46590 	0.000005	0.000005
-0.27489	0.44464 	0.000005	0.000005
-0.27925	0.43513 	0.000005	0.000005
-0.27925	0.42128 	0.000005	0.000005
-0.28362	0.40194 	0.000005	0.000005
-0.28362	0.38325 	0.000005	0.000005
-0.28798	0.36859 	0.000005	0.000005
-0.29234	0.35393 	0.000005	0.000005
-0.29671	0.33798 	0.000005	0.000005
-0.29671	0.31655 	0.000005	0.000005
-0.30107	0.30286 	0.000005	0.000005
-0.30543	0.28723 	0.000005	0.000005
-0.30543	0.26806 	0.000005	0.000005
-0.30980	0.25307 	0.000005	0.000005
-0.31416	0.23487 	0.000005	0.000005
-0.31852	0.21102 	0.000005	0.000005
-0.31852	0.18911 	0.000005	0.000005
-0.32289	0.16736 	0.000005	0.000005
-0.32725	0.15351 	0.000005	0.000005
-0.33161	0.13514 	0.000005	0.000005
-0.33161	0.12483 	0.000005	0.000005
-0.33598	0.11146 	0.000005	0.000005
-0.34034	0.09647 	0.000005	0.000005
-0.34034	0.08874 	0.000005	0.000005
-0.34470	0.07360 	0.000005	0.000005
-0.34907	0.05990 	0.000005	0.000005
-0.34907	0.05620 	0.000005	0.000005
-0.35343	0.04846 	0.000005	0.000005
-0.35343	0.03831 	0.000005	0.000005
-0.35779	0.03122 	0.000005	0.000005
-0.35779	0.02720 	0.000005	0.000005
-0.36216	0.02832 	0.000005	0.000005
-0.36216	0.02220 	0.000005	0.000005
-0.36216	0.01672 	0.000005	0.000005
-0.36652	0.01205 	0.000005	0.000005
-0.36652	0.01076 	0.000005	0.000005
-0.37088	0.00609 	0.000005	0.000005
-0.37525	-0.00003 	0.000005	0.000005
-0.37525	-0.00261 	0.000005	0.000005
-0.37961	-0.00261 	0.000005	0.000005
-0.38397	-0.00599 	0.000005	0.000005
-0.38397	-0.01034 	0.000005	0.000005
-0.38834	-0.00970 	0.000005	0.000005
-0.39270	-0.01292 	0.000005	0.000005
-0.39706	-0.01050 	0.000005	0.000005
-0.39706	-0.00777 	0.000005	0.000005
-0.40143	-0.00180 	0.000005	0.000005
-0.40579	-0.00358 	0.000005	0.000005
-0.41015	0.00577 	0.000005	0.000005
-0.41015	0.01157 	0.000005	0.000005
-0.41452	0.02156 	0.000005	0.000005
-0.41888	0.02848 	0.000005	0.000005
-0.42324	0.03686 	0.000005	0.000005
-0.42761	0.04653 	0.000005	0.000005
-0.42761	0.05249 	0.000005	0.000005
-0.43197	0.06087 	0.000005	0.000005
-0.43633	0.07070 	0.000005	0.000005
-0.43633	0.07956 	0.000005	0.000005
-0.44070	0.09551 	0.000005	0.000005
-0.44506	0.10050 	0.000005	0.000005
-0.44506	0.10630 	0.000005	0.000005
-0.44506	0.10469 	0.000005	0.000005
-0.44506	0.10598 	0.000005	0.000005
-0.44506	0.11387 	0.000005	0.000005
-0.44942	0.12225 	0.000005	0.000005
-0.44942	0.13079 	0.000005	0.000005
-0.45379	0.13965 	0.000005	0.000005
-0.45379	0.14674 	0.000005	0.000005
-0.45815	0.16124 	0.000005	0.000005
-0.45815	0.16994 	0.000005	0.000005
-0.46251	0.18831 	0.000005	0.000005
-0.46688	0.20184 	0.000005	0.000005
-0.47124	0.22134 	0.000005	0.000005
-0.47124	0.23084 	0.000005	0.000005
-0.47560	0.25179 	0.000005	0.000005
-0.47997	0.26467 	0.000005	0.000005
-0.48433	0.28030 	0.000005	0.000005
-0.48433	0.29690 	0.000005	0.000005
-0.48869	0.30914 	0.000005	0.000005
-0.49306	0.32670 	0.000005	0.000005
-0.49742	0.34459 	0.000005	0.000005
-0.50178	0.36182 	0.000005	0.000005
-0.50615	0.38357 	0.000005	0.000005
-0.51051	0.40098 	0.000005	0.000005
-0.51051	0.41773 	0.000005	0.000005
-0.51487	0.42579 	0.000005	0.000005
-0.51924	0.43771 	0.000005	0.000005
-0.51924	0.45398 	0.000005	0.000005
-0.52360	0.46510 	0.000005	0.000005
-0.52796	0.46929 	0.000005	0.000005
-0.53233	0.48073 	0.000005	0.000005
-0.53669	0.49152 	0.000005	0.000005
-0.53669	0.50231 	0.000005	0.000005
-0.54105	0.51085 	0.000005	0.000005
-0.54542	0.51939 	0.000005	0.000005
-0.54978	0.53421 	0.000005	0.000005
-0.54978	0.54888 	0.000005	0.000005
-0.55414	0.55999 	0.000005	0.000005
-0.55414	0.56918 	0.000005	0.000005
-0.55851	0.56660 	0.000005	0.000005
-0.55851	0.56499 	0.000005	0.000005
-0.55851	0.55951 	0.000005	0.000005
-0.55851	0.55903 	0.000005	0.000005
-0.56287	0.56193 	0.000005	0.000005
-0.56287	0.56176 	0.000005	0.000005
-0.56287	0.55468 	0.000005	0.000005
-0.56723	0.56176 	0.000005	0.000005
-0.56723	0.57159 	0.000005	0.000005
-0.57160	0.57852 	0.000005	0.000005
-0.57160	0.58255 	0.000005	0.000005
-0.57160	0.57514 	0.000005	0.000005
-0.57160	0.58029 	0.000005	0.000005
-0.57596	0.57240 	0.000005	0.000005
-0.57596	0.57755 	0.000005	0.000005
-0.58032	0.57739 	0.000005	0.000005
-0.58032	0.57063 	0.000005	0.000005
-0.58032	0.57578 	0.000005	0.000005
-0.58469	0.57788 	0.000005	0.000005
-0.58469	0.56982 	0.000005	0.000005
-0.58905	0.57449 	0.000005	0.000005
-0.58905	0.58061 	0.000005	0.000005
-0.59341	0.58931 	0.000005	0.000005
-0.59341	0.59125 	0.000005	0.000005
-0.59778	0.58980 	0.000005	0.000005
-0.60214	0.58029 	0.000005	0.000005
-0.60214	0.56499 	0.000005	0.000005
-0.60650	0.56080 	0.000005	0.000005
-0.61087	0.55065 	0.000005	0.000005
-0.61523	0.54034 	0.000005	0.000005
-0.61523	0.52439 	0.000005	0.000005
-0.61959	0.51408 	0.000005	0.000005
-0.62396	0.50231 	0.000005	0.000005
-0.62832	0.48636 	0.000005	0.000005
-0.62832	0.47380 	0.000005	0.000005
-0.63268	0.46268 	0.000005	0.000005
-0.63705	0.44721 	0.000005	0.000005
-0.64141	0.43368 	0.000005	0.000005
-0.64577	0.42885 	0.000005	0.000005
-0.64577	0.40710 	0.000005	0.000005
-0.65014	0.38454 	0.000005	0.000005
-0.65450	0.37600 	0.000005	0.000005
-0.65886	0.35232 	0.000005	0.000005
-0.66323	0.33282 	0.000005	0.000005
-0.66759	0.31430 	0.000005	0.000005
-0.67632	0.27982 	0.000005	0.000005
-0.67632	0.25968 	0.000005	0.000005
-0.68068	0.24389 	0.000005	0.000005
-0.68504	0.22617 	0.000005	0.000005
-0.68941	0.20764 	0.000005	0.000005
-0.69377	0.19056 	0.000005	0.000005
-0.69813	0.17606 	0.000005	0.000005
-0.70250	0.16156 	0.000005	0.000005
-0.70250	0.14336 	0.000005	0.000005
-0.70686	0.13272 	0.000005	0.000005
-0.71122	0.11291 	0.000005	0.000005
-0.71122	0.10985 	0.000005	0.000005
-0.71558	0.09309 	0.000005	0.000005
-0.71995	0.08246 	0.000005	0.000005
-0.72431	0.07553 	0.000005	0.000005
-0.72867	0.06087 	0.000005	0.000005
-0.72867	0.05233 	0.000005	0.000005
-0.73304	0.04137 	0.000005	0.000005
-0.73740	0.02800 	0.000005	0.000005
-0.74176	0.02397 	0.000005	0.000005
-0.74613	0.01302 	0.000005	0.000005
-0.74613	0.01028 	0.000005	0.000005
-0.75049	0.00802 	0.000005	0.000005
-0.75485	-0.00213 	0.000005	0.000005
-0.75922	-0.00084 	0.000005	0.000005
-0.75922	-0.00922 	0.000005	0.000005
-0.76358	-0.00664 	0.000005	0.000005
-0.76794	-0.01421 	0.000005	0.000005
-0.77231	-0.00873 	0.000005	0.000005
-0.77667	-0.01131 	0.000005	0.000005
-0.77667	-0.00680 	0.000005	0.000005
-0.78103	-0.00632 	0.000005	0.000005
-0.78540	-0.00164 	0.000005	0.000005
-0.78976	-0.00197 	0.000005	0.000005
-0.79412	0.01205 	0.000005	0.000005
-0.79412	0.00963 	0.000005	0.000005
-0.79849	0.01769 	0.000005	0.000005
-0.79849	0.02542 	0.000005	0.000005
-0.80285	0.03042 	0.000005	0.000005
-0.80721	0.04170 	0.000005	0.000005
-0.80721	0.05281 	0.000005	0.000005
-0.81158	0.05845 	0.000005	0.000005
-0.81594	0.06780 	0.000005	0.000005
-0.81594	0.08101 	0.000005	0.000005
-0.82030	0.08584 	0.000005	0.000005
-0.82030	0.10066 	0.000005	0.000005
-0.82467	0.11146 	0.000005	0.000005
-0.82903	0.12676 	0.000005	0.000005
-0.83339	0.14497 	0.000005	0.000005
-0.83339	0.15480 	0.000005	0.000005
-0.83776	0.17671 	0.000005	0.000005
-0.84212	0.18992 	0.000005	0.000005
-0.84648	0.20555 	0.000005	0.000005
-0.84648	0.23261 	0.000005	0.000005
-0.85085	0.25211 	0.000005	0.000005
-0.85521	0.27289 	0.000005	0.000005
-0.85957	0.29384 	0.000005	0.000005
-0.86394	0.31559 	0.000005	0.000005
-0.86830	0.33589 	0.000005	0.000005
-0.86830	0.35393 	0.000005	0.000005
-0.87266	0.38245 	0.000005	0.000005
-0.87703	0.40371 	0.000005	0.000005
-0.88139	0.41693 	0.000005	0.000005
-0.88575	0.44705 	0.000005	0.000005
-0.89012	0.47122 	0.000005	0.000005
-0.89448	0.49088 	0.000005	0.000005
-0.89884	0.50457 	0.000005	0.000005
-0.90321	0.51939 	0.000005	0.000005
-0.90757	0.53969 	0.000005	0.000005
-0.90757	0.55258 	0.000005	0.000005
-0.91193	0.57707 	0.000005	0.000005
-0.91630	0.59463 	0.000005	0.000005
-0.92502	0.62540 	0.000005	0.000005
-0.92939	0.63813 	0.000005	0.000005
-0.93375	0.65875 	0.000005	0.000005
-0.93811	0.67100 	0.000005	0.000005
-0.94248	0.68663 	0.000005	0.000005
-0.95120	0.70628 	0.000005	0.000005
-0.95557	0.71530 	0.000005	0.000005
-0.95993	0.71128 	0.000005	0.000005
-0.95993	0.70789 	0.000005	0.000005
-0.95993	0.71385 	0.000005	0.000005
-0.96429	0.71112 	0.000005	0.000005
-0.96429	0.70838 	0.000005	0.000005
-0.96866	0.70983 	0.000005	0.000005
-0.96866	0.71563 	0.000005	0.000005
-0.97302	0.71659 	0.000005	0.000005
-0.97738	0.71708 	0.000005	0.000005
-0.98175	0.71675 	0.000005	0.000005
-0.98175	0.71305 	0.000005	0.000005
-0.98611	0.71901 	0.000005	0.000005
-0.99047	0.71756 	0.000005	0.000005
-0.99047	0.70999 	0.000005	0.000005
-0.99484	0.70805 	0.000005	0.000005
-0.99920	0.70515 	0.000005	0.000005
-1.00356	0.69194 	0.000005	0.000005
-1.00793	0.68115 	0.000005	0.000005
-1.00793	0.67519 	0.000005	0.000005
-1.01229	0.65827 	0.000005	0.000005
-1.01665	0.65328 	0.000005	0.000005
-1.01665	0.64635 	0.000005	0.000005
-1.02102	0.63604 	0.000005	0.000005
-1.02102	0.62395 	0.000005	0.000005
-1.02538	0.61799 	0.000005	0.000005
-1.02538	0.61332 	0.000005	0.000005
-1.02538	0.60704 	0.000005	0.000005
-1.02974	0.59866 	0.000005	0.000005
-1.02974	0.59109 	0.000005	0.000005
-1.03411	0.58029 	0.000005	0.000005
-1.03411	0.56837 	0.000005	0.000005
-1.03847	0.55983 	0.000005	0.000005
-1.03847	0.55210 	0.000005	0.000005
-1.04283	0.53405 	0.000005	0.000005
-1.04720	0.52310 	0.000005	0.000005
-1.04720	0.50747 	0.000005	0.000005
-1.04720	0.50425 	0.000005	0.000005
-1.05156	0.49651 	0.000005	0.000005
-1.05156	0.48749 	0.000005	0.000005
-1.05156	0.48282 	0.000005	0.000005
-1.05156	0.47299 	0.000005	0.000005
-1.05592	0.45092 	0.000005	0.000005
-1.05592	0.44641 	0.000005	0.000005
-1.06029	0.43900 	0.000005	0.000005
-1.06029	0.43352 	0.000005	0.000005
-1.06465	0.42079 	0.000005	0.000005
-1.06465	0.41145 	0.000005	0.000005
-1.06901	0.40049 	0.000005	0.000005
-1.06901	0.38631 	0.000005	0.000005
-1.07338	0.37745 	0.000005	0.000005
-1.07338	0.36247 	0.000005	0.000005
-1.07774	0.34765 	0.000005	0.000005
-1.08210	0.33315 	0.000005	0.000005
-1.08647	0.30850 	0.000005	0.000005
-1.09083	0.29432 	0.000005	0.000005
-1.09083	0.27966 	0.000005	0.000005
-1.09519	0.25968 	0.000005	0.000005
-1.09956	0.24663 	0.000005	0.000005
-1.09956	0.23294 	0.000005	0.000005
-1.10392	0.21489 	0.000005	0.000005
-1.10392	0.20909 	0.000005	0.000005
-1.10828	0.19588 	0.000005	0.000005
-1.10828	0.18509 	0.000005	0.000005
-1.11265	0.17187 	0.000005	0.000005
-1.11265	0.16672 	0.000005	0.000005
-1.11265	0.16640 	0.000005	0.000005
-1.11701	0.15576 	0.000005	0.000005
-1.11701	0.14336 	0.000005	0.000005
-1.12137	0.12660 	0.000005	0.000005
-1.12574	0.11452 	0.000005	0.000005
-1.12574	0.10501 	0.000005	0.000005
-1.13010	0.08922 	0.000005	0.000005
-1.13010	0.08165 	0.000005	0.000005
-1.13446	0.07134 	0.000005	0.000005
-1.13883	0.05829 	0.000005	0.000005
-1.13883	0.05281 	0.000005	0.000005
-1.14319	0.03928 	0.000005	0.000005
-1.14319	0.03847 	0.000005	0.000005
-1.14755	0.03412 	0.000005	0.000005
-1.15192	0.02413 	0.000005	0.000005
-1.15192	0.02011 	0.000005	0.000005
-1.15628	0.01141 	0.000005	0.000005
-1.16064	-0.00068 	0.000005	0.000005
-1.16501	-0.00035 	0.000005	0.000005
-1.16937	-0.00535 	0.000005	0.000005
-1.16937	-0.00728 	0.000005	0.000005
-1.17373	-0.00664 	0.000005	0.000005
-1.17373	-0.01260 	0.000005	0.000005
-1.17810	-0.01083 	0.000005	0.000005
-1.17810	-0.01163 	0.000005	0.000005
-1.18246	-0.00922 	0.000005	0.000005
-1.18246	-0.01340 	0.000005	0.000005
-1.18682	-0.00551 	0.000005	0.000005
-1.19119	-0.00277 	0.000005	0.000005
-1.19555	-0.00535 	0.000005	0.000005
-1.19555	0.00222 	0.000005	0.000005
-1.19991	0.00577 	0.000005	0.000005
-1.19991	0.00126 	0.000005	0.000005
-1.19991	0.01125 	0.000005	0.000005
-1.20428	0.01447 	0.000005	0.000005
-1.20864	0.01672 	0.000005	0.000005
-1.20864	0.02413 	0.000005	0.000005
-1.21300	0.03428 	0.000005	0.000005
-1.21300	0.03912 	0.000005	0.000005
-1.21737	0.04395 	0.000005	0.000005
-1.21737	0.04766 	0.000005	0.000005
-1.22173	0.05942 	0.000005	0.000005
-1.22173	0.06602 	0.000005	0.000005
-1.22609	0.06844 	0.000005	0.000005
-1.22609	0.07811 	0.000005	0.000005
-1.23046	0.08955 	0.000005	0.000005
-1.23482	0.10630 	0.000005	0.000005
-1.23482	0.12032 	0.000005	0.000005
-1.23918	0.13482 	0.000005	0.000005
-1.24355	0.14352 	0.000005	0.000005
-1.24355	0.15963 	0.000005	0.000005
-1.24791	0.16382 	0.000005	0.000005
-1.24791	0.17784 	0.000005	0.000005
-1.25227	0.18799 	0.000005	0.000005
-1.25664	0.20265 	0.000005	0.000005
-1.25664	0.22069 	0.000005	0.000005
-1.26100	0.22842 	0.000005	0.000005
-1.26536	0.24776 	0.000005	0.000005
-1.26973	0.26629 	0.000005	0.000005
-1.26973	0.27740 	0.000005	0.000005
-1.27409	0.29367 	0.000005	0.000005
-1.27845	0.31059 	0.000005	0.000005
-1.28282	0.32783 	0.000005	0.000005
-1.28282	0.34201 	0.000005	0.000005
-1.28718	0.35635 	0.000005	0.000005
-1.29154	0.37375 	0.000005	0.000005
-1.29591	0.38084 	0.000005	0.000005
-1.29591	0.39550 	0.000005	0.000005
-1.30027	0.41274 	0.000005	0.000005
-1.30463	0.42111 	0.000005	0.000005
-1.30900	0.44238 	0.000005	0.000005
-1.31336	0.46123 	0.000005	0.000005
-1.31336	0.47122 	0.000005	0.000005
-1.31772	0.48266 	0.000005	0.000005
-1.31772	0.49233 	0.000005	0.000005
-1.32209	0.49233 	0.000005	0.000005
-1.32209	0.50538 	0.000005	0.000005
-1.32645	0.51391 	0.000005	0.000005
-1.32645	0.51746 	0.000005	0.000005
-1.33081	0.52777 	0.000005	0.000005
-1.33518	0.54018 	0.000005	0.000005
-1.33954	0.54549 	0.000005	0.000005
-1.33954	0.55081 	0.000005	0.000005
-1.34390	0.55532 	0.000005	0.000005
-1.34827	0.55596 	0.000005	0.000005
-1.34827	0.56257 	0.000005	0.000005
-1.35263	0.56853 	0.000005	0.000005
-1.35699	0.57336 	0.000005	0.000005
-1.35699	0.57626 	0.000005	0.000005
-1.36572	0.58416 	0.000005	0.000005
-1.37008	0.59157 	0.000005	0.000005
-1.37445	0.59334 	0.000005	0.000005
-1.37881	0.59721 	0.000005	0.000005
-1.37881	0.59350 	0.000005	0.000005
-1.37881	0.59769 	0.000005	0.000005
-1.38317	0.59528 	0.000005	0.000005
-1.38317	0.59334 	0.000005	0.000005
-1.38317	0.59753 	0.000005	0.000005
-1.38754	0.59431 	0.000005	0.000005
-1.39190	0.59495 	0.000005	0.000005
-1.39626	0.59254 	0.000005	0.000005
-1.40063	0.58239 	0.000005	0.000005
-1.40499	0.57159 	0.000005	0.000005
-1.41372	0.54646 	0.000005	0.000005
-1.41808	0.52374 	0.000005	0.000005
-1.42244	0.49974 	0.000005	0.000005
-1.42681	0.47396 	0.000005	0.000005
-1.43117	0.45124 	0.000005	0.000005
-1.43990	0.42289 	0.000005	0.000005
-1.44426	0.39566 	0.000005	0.000005
-1.44862	0.36521 	0.000005	0.000005
-1.45299	0.33782 	0.000005	0.000005
-1.45735	0.31510 	0.000005	0.000005
-1.46171	0.28771 	0.000005	0.000005
-1.47044	0.26693 	0.000005	0.000005
-1.47044	0.25050 	0.000005	0.000005
-1.47480	0.23197 	0.000005	0.000005
-1.47917	0.22246 	0.000005	0.000005
-1.48353	0.19507 	0.000005	0.000005
-1.48789	0.17026 	0.000005	0.000005
-1.49226	0.15302 	0.000005	0.000005
-1.49662	0.13643 	0.000005	0.000005
-1.50098	0.11710 	0.000005	0.000005
-1.50535	0.10711 	0.000005	0.000005
-1.50535	0.09132 	0.000005	0.000005
-1.50971	0.08455 	0.000005	0.000005
-1.51407	0.07650 	0.000005	0.000005
-1.51407	0.06457 	0.000005	0.000005
-1.51844	0.04653 	0.000005	0.000005
-1.52280	0.03912 	0.000005	0.000005
-1.52716	0.02671 	0.000005	0.000005
-1.53153	0.01382 	0.000005	0.000005
-1.53589	0.01286 	0.000005	0.000005
-1.54025	0.00416 	0.000005	0.000005
-1.54462	-0.00503 	0.000005	0.000005
-1.54898	-0.00664 	0.000005	0.000005
-1.55334	-0.01453 	0.000005	0.000005
-1.55771	-0.01131 	0.000005	0.000005
-1.55771	-0.01034 	0.000005	0.000005
-1.56207	-0.01131 	0.000005	0.000005
-1.56643	-0.01260 	0.000005	0.000005
-1.57080	-0.00599 	0.000005	0.000005
-1.57516	-0.00132 	0.000005	0.000005
-1.57952	0.00802 	0.000005	0.000005
-1.57952	0.01012 	0.000005	0.000005
-1.58389	0.02075 	0.000005	0.000005
-1.58825	0.03171 	0.000005	0.000005
-1.59261	0.03477 	0.000005	0.000005
-1.59261	0.04621 	0.000005	0.000005
-1.59698	0.05507 	0.000005	0.000005
-1.60134	0.06763 	0.000005	0.000005
-1.60134	0.07875 	0.000005	0.000005
-1.60570	0.09341 	0.000005	0.000005
-1.60570	0.10066 	0.000005	0.000005
-1.61007	0.11210 	0.000005	0.000005
-1.61443	0.12209 	0.000005	0.000005
-1.61443	0.12644 	0.000005	0.000005
-1.61443	0.13901 	0.000005	0.000005
-1.61879	0.14529 	0.000005	0.000005
-1.62316	0.16350 	0.000005	0.000005
-1.62316	0.17929 	0.000005	0.000005
-1.62752	0.20394 	0.000005	0.000005
-1.63188	0.23294 	0.000005	0.000005
-1.63625	0.25759 	0.000005	0.000005
-1.64061	0.26435 	0.000005	0.000005
-1.64061	0.28546 	0.000005	0.000005
-1.64497	0.29255 	0.000005	0.000005
-1.64497	0.30914 	0.000005	0.000005
-1.64934	0.32267 	0.000005	0.000005
-1.65370	0.34169 	0.000005	0.000005
-1.65370	0.35892 	0.000005	0.000005
-1.65806	0.37568 	0.000005	0.000005
-1.66243	0.39727 	0.000005	0.000005
-1.66679	0.41644 	0.000005	0.000005
-1.67115	0.45108 	0.000005	0.000005
-1.67552	0.48218 	0.000005	0.000005
-1.67988	0.51520 	0.000005	0.000005
-1.68424	0.54098 	0.000005	0.000005
-1.68861	0.56144 	0.000005	0.000005
-1.68861	0.57836 	0.000005	0.000005
-1.69297	0.59963 	0.000005	0.000005
-1.69297	0.61123 	0.000005	0.000005
-1.69733	0.63298 	0.000005	0.000005
-1.70170	0.65924 	0.000005	0.000005
-1.70606	0.68550 	0.000005	0.000005
-1.71042	0.69871 	0.000005	0.000005
-1.71479	0.72417 	0.000005	0.000005
-1.71915	0.74028 	0.000005	0.000005
-1.72351	0.74592 	0.000005	0.000005
-1.72351	0.75961 	0.000005	0.000005
-1.72788	0.76686 	0.000005	0.000005
-1.73224	0.77105 	0.000005	0.000005
-1.73660	0.77540 	0.000005	0.000005
-1.74097	0.77395 	0.000005	0.000005
-1.74533	0.77894 	0.000005	0.000005
-1.74533	0.78120 	0.000005	0.000005
-1.74969	0.78410 	0.000005	0.000005
-1.75406	0.78378 	0.000005	0.000005
-1.75406	0.78345 	0.000005	0.000005
-1.75842	0.78474 	0.000005	0.000005
-1.76278	0.78571 	0.000005	0.000005
-1.76715	0.77991 	0.000005	0.000005
-1.77151	0.77685 	0.000005	0.000005
-1.77587	0.77620 	0.000005	0.000005
-1.78024	0.77572 	0.000005	0.000005
-1.78024	0.77234 	0.000005	0.000005
-1.78460	0.76605 	0.000005	0.000005
-1.78896	0.76380 	0.000005	0.000005
-1.78896	0.75671 	0.000005	0.000005
-1.79333	0.73818 	0.000005	0.000005
-1.79769	0.73560 	0.000005	0.000005
-1.79769	0.72417 	0.000005	0.000005
-1.80205	0.71514 	0.000005	0.000005
-1.80205	0.71031 	0.000005	0.000005
-1.80642	0.70000 	0.000005	0.000005
-1.81078	0.68276 	0.000005	0.000005
-1.81078	0.66890 	0.000005	0.000005
-1.81514	0.65457 	0.000005	0.000005
-1.81514	0.63894 	0.000005	0.000005
-1.81951	0.63749 	0.000005	0.000005
-1.81951	0.63120 	0.000005	0.000005
-1.82387	0.59914 	0.000005	0.000005
-1.82823	0.57852 	0.000005	0.000005
-1.83260	0.55596 	0.000005	0.000005
-1.83696	0.53309 	0.000005	0.000005
-1.84132	0.51875 	0.000005	0.000005
-1.84132	0.50038 	0.000005	0.000005
-1.84569	0.48427 	0.000005	0.000005
-1.84569	0.47299 	0.000005	0.000005
-1.84569	0.46526 	0.000005	0.000005
-1.85005	0.45446 	0.000005	0.000005
-1.85441	0.43143 	0.000005	0.000005
-1.85878	0.40984 	0.000005	0.000005
-1.86314	0.38728 	0.000005	0.000005
-1.86314	0.36859 	0.000005	0.000005
-1.86750	0.35200 	0.000005	0.000005
-1.87187	0.33105 	0.000005	0.000005
-1.87187	0.31124 	0.000005	0.000005
-1.87623	0.29883 	0.000005	0.000005
-1.88059	0.28143 	0.000005	0.000005
-1.88059	0.26564 	0.000005	0.000005
-1.88496	0.25694 	0.000005	0.000005
-1.88496	0.24405 	0.000005	0.000005
-1.88932	0.22778 	0.000005	0.000005
-1.89368	0.21650 	0.000005	0.000005
-1.89368	0.20055 	0.000005	0.000005
-1.89805	0.18283 	0.000005	0.000005
-1.90241	0.15963 	0.000005	0.000005
-1.90677	0.14255 	0.000005	0.000005
-1.91114	0.12306 	0.000005	0.000005
-1.91114	0.10437 	0.000005	0.000005
-1.91550	0.09841 	0.000005	0.000005
-1.91986	0.08004 	0.000005	0.000005
-1.91986	0.06941 	0.000005	0.000005
-1.92423	0.05539 	0.000005	0.000005
-1.92859	0.05813 	0.000005	0.000005
-1.93295	0.04153 	0.000005	0.000005
-1.93295	0.03010 	0.000005	0.000005
-1.93732	0.02639 	0.000005	0.000005
-1.93732	0.01721 	0.000005	0.000005
-1.94168	0.01576 	0.000005	0.000005
-1.94604	0.00625 	0.000005	0.000005
-1.95041	-0.00277 	0.000005	0.000005
-1.95477	-0.01050 	0.000005	0.000005
-1.95913	-0.00664 	0.000005	0.000005
-1.96350	-0.01244 	0.000005	0.000005
-1.96786	-0.01647 	0.000005	0.000005
-1.97222	-0.01212 	0.000005	0.000005
-1.97222	-0.01147 	0.000005	0.000005
-1.97659	-0.00889 	0.000005	0.000005
-1.98095	-0.00116 	0.000005	0.000005
-1.98095	0.00174 	0.000005	0.000005
-1.98531	-0.00245 	0.000005	0.000005
-1.98531	0.00545 	0.000005	0.000005
-1.98968	0.01141 	0.000005	0.000005
-1.98968	0.01286 	0.000005	0.000005
-1.99404	0.01850 	0.000005	0.000005
-1.99840	0.03155 	0.000005	0.000005
-2.00277	0.03461 	0.000005	0.000005
-2.00713	0.04878 	0.000005	0.000005
-2.01149	0.06812 	0.000005	0.000005
-2.01149	0.07811 	0.000005	0.000005
-2.01586	0.08584 	0.000005	0.000005
-2.02022	0.10211 	0.000005	0.000005
-2.02458	0.11436 	0.000005	0.000005
-2.02895	0.12950 	0.000005	0.000005
-2.02895	0.14706 	0.000005	0.000005
-2.03331	0.16076 	0.000005	0.000005
-2.03767	0.17848 	0.000005	0.000005
-2.04204	0.19652 	0.000005	0.000005
-2.04204	0.20458 	0.000005	0.000005
-2.04640	0.21521 	0.000005	0.000005
-2.05076	0.23068 	0.000005	0.000005
-2.05076	0.23439 	0.000005	0.000005
-2.05513	0.24953 	0.000005	0.000005
-2.05949	0.27241 	0.000005	0.000005
-2.06385	0.28578 	0.000005	0.000005
-2.06822	0.30817 	0.000005	0.000005
-2.07258	0.33186 	0.000005	0.000005
-2.07694	0.35393 	0.000005	0.000005
-2.08131	0.37085 	0.000005	0.000005
-2.08131	0.38583 	0.000005	0.000005
-2.08567	0.40001 	0.000005	0.000005
-2.09003	0.41612 	0.000005	0.000005
-2.09440	0.43513 	0.000005	0.000005
-2.09876	0.44625 	0.000005	0.000005
-2.09876	0.46107 	0.000005	0.000005
-2.10312	0.47315 	0.000005	0.000005
-2.10312	0.48266 	0.000005	0.000005
-2.10749	0.48669 	0.000005	0.000005
-2.10749	0.49990 	0.000005	0.000005
-2.11185	0.51375 	0.000005	0.000005
-2.11621	0.52954 	0.000005	0.000005
-2.11621	0.53228 	0.000005	0.000005
-2.12058	0.54743 	0.000005	0.000005
-2.12058	0.55983 	0.000005	0.000005
-2.12494	0.56096 	0.000005	0.000005
-2.12494	0.56740 	0.000005	0.000005
-2.12930	0.57208 	0.000005	0.000005
-2.12930	0.58271 	0.000005	0.000005
-2.13367	0.58255 	0.000005	0.000005
-2.13803	0.58899 	0.000005	0.000005
-2.14239	0.59399 	0.000005	0.000005
-2.14675	0.59979 	0.000005	0.000005
-2.14675	0.59769 	0.000005	0.000005
-2.15112	0.59528 	0.000005	0.000005
-2.15984	0.58867 	0.000005	0.000005
-2.15984	0.59270 	0.000005	0.000005
-2.16421	0.58529 	0.000005	0.000005
-2.16857	0.57820 	0.000005	0.000005
-2.17293	0.57804 	0.000005	0.000005
-2.17730	0.55709 	0.000005	0.000005
-2.18166	0.54936 	0.000005	0.000005
-2.18602	0.53663 	0.000005	0.000005
-2.18602	0.52213 	0.000005	0.000005
-2.19039	0.50489 	0.000005	0.000005
-2.19039	0.49941 	0.000005	0.000005
-2.19475	0.48733 	0.000005	0.000005
-2.19911	0.46639 	0.000005	0.000005
-2.20348	0.45511 	0.000005	0.000005
-2.20348	0.44657 	0.000005	0.000005
-2.20784	0.43932 	0.000005	0.000005
-2.21220	0.41515 	0.000005	0.000005
-2.22093	0.40065 	0.000005	0.000005
-2.22529	0.38309 	0.000005	0.000005
-2.22966	0.35989 	0.000005	0.000005
-2.23838	0.33605 	0.000005	0.000005
-2.24275	0.30914 	0.000005	0.000005
-2.24711	0.29319 	0.000005	0.000005
-2.25147	0.27160 	0.000005	0.000005
-2.25584	0.26290 	0.000005	0.000005
-2.25584	0.24228 	0.000005	0.000005
-2.26020	0.23149 	0.000005	0.000005
-2.26456	0.21779 	0.000005	0.000005
-2.26456	0.20394 	0.000005	0.000005
-2.26893	0.18863 	0.000005	0.000005
-2.27329	0.17397 	0.000005	0.000005
-2.27765	0.16720 	0.000005	0.000005
-2.27765	0.14706 	0.000005	0.000005
-2.28202	0.13143 	0.000005	0.000005
-2.28638	0.11935 	0.000005	0.000005
-2.29074	0.09873 	0.000005	0.000005
-2.29511	0.08520 	0.000005	0.000005
-2.29947	0.07569 	0.000005	0.000005
-2.29947	0.07005 	0.000005	0.000005
-2.30383	0.05926 	0.000005	0.000005
-2.30383	0.05587 	0.000005	0.000005
-2.30820	0.04878 	0.000005	0.000005
-2.31256	0.03477 	0.000005	0.000005
-2.31692	0.02542 	0.000005	0.000005
-2.32129	0.01511 	0.000005	0.000005
-2.32565	0.00400 	0.000005	0.000005
-2.33001	0.00287 	0.000005	0.000005
-2.33438	-0.00406 	0.000005	0.000005
-2.33874	-0.00648 	0.000005	0.000005
-2.34310	-0.01131 	0.000005	0.000005
-2.34747	-0.01179 	0.000005	0.000005
-2.34747	-0.01260 	0.000005	0.000005
-2.34747	-0.01276 	0.000005	0.000005
-2.35183	-0.01469 	0.000005	0.000005
-2.35183	-0.01099 	0.000005	0.000005
-2.35619	-0.00728 	0.000005	0.000005
-2.36056	-0.00922 	0.000005	0.000005
-2.36056	-0.00164 	0.000005	0.000005
-2.36492	-0.00454 	0.000005	0.000005
-2.36492	0.00174 	0.000005	0.000005
-2.36928	0.00931 	0.000005	0.000005
-2.36928	0.01237 	0.000005	0.000005
-2.37365	0.01721 	0.000005	0.000005
-2.37801	0.02607 	0.000005	0.000005
-2.38237	0.03863 	0.000005	0.000005
-2.38674	0.05136 	0.000005	0.000005
-2.39110	0.06264 	0.000005	0.000005
-2.39546	0.08149 	0.000005	0.000005
-2.39983	0.09986 	0.000005	0.000005
-2.40419	0.11355 	0.000005	0.000005
-2.40855	0.12418 	0.000005	0.000005
-2.41292	0.14819 	0.000005	0.000005
-2.41728	0.17042 	0.000005	0.000005
-2.41728	0.17929 	0.000005	0.000005
-2.42164	0.20522 	0.000005	0.000005
-2.42601	0.22714 	0.000005	0.000005
-2.43037	0.25614 	0.000005	0.000005
-2.43473	0.27805 	0.000005	0.000005
-2.43910	0.29448 	0.000005	0.000005
-2.43910	0.31107 	0.000005	0.000005
-2.44346	0.33009 	0.000005	0.000005
-2.44782	0.35006 	0.000005	0.000005
-2.45219	0.37246 	0.000005	0.000005
-2.45655	0.39518 	0.000005	0.000005
-2.46091	0.41435 	0.000005	0.000005
-2.46091	0.43706 	0.000005	0.000005
-2.46528	0.44802 	0.000005	0.000005
-2.46964	0.46671 	0.000005	0.000005
-2.46964	0.47412 	0.000005	0.000005
-2.47400	0.48604 	0.000005	0.000005
-2.47837	0.50570 	0.000005	0.000005
-2.48273	0.52423 	0.000005	0.000005
-2.48273	0.53212 	0.000005	0.000005
-2.48709	0.53969 	0.000005	0.000005
-2.48709	0.54549 	0.000005	0.000005
-2.49146	0.55629 	0.000005	0.000005
-2.49146	0.57079 	0.000005	0.000005
-2.49582	0.58061 	0.000005	0.000005
-2.50018	0.58899 	0.000005	0.000005
-2.50018	0.60752 	0.000005	0.000005
-2.50455	0.62266 	0.000005	0.000005
-2.50891	0.63249 	0.000005	0.000005
-2.51327	0.65102 	0.000005	0.000005
-2.51764	0.66053 	0.000005	0.000005
-2.51764	0.66520 	0.000005	0.000005
-2.52200	0.67938 	0.000005	0.000005
-2.52636	0.68034 	0.000005	0.000005
-2.53073	0.69243 	0.000005	0.000005
-2.53073	0.69388 	0.000005	0.000005
-2.53509	0.69807 	0.000005	0.000005
-2.53945	0.70274 	0.000005	0.000005
-2.54382	0.69952 	0.000005	0.000005
-2.54818	0.71144 	0.000005	0.000005
-2.55254	0.71611 	0.000005	0.000005
-2.55254	0.72110 	0.000005	0.000005
-2.55691	0.72046 	0.000005	0.000005
-2.56127	0.72400 	0.000005	0.000005
-2.56563	0.71385 	0.000005	0.000005
-2.57000	0.70435 	0.000005	0.000005
-2.57436	0.70306 	0.000005	0.000005
-2.57436	0.69807 	0.000005	0.000005
-2.57872	0.69275 	0.000005	0.000005
-2.57872	0.68792 	0.000005	0.000005
-2.58309	0.68453 	0.000005	0.000005
-2.58309	0.67744 	0.000005	0.000005
-2.58745	0.66584 	0.000005	0.000005
-2.59181	0.65908 	0.000005	0.000005
-2.59181	0.64893 	0.000005	0.000005
-2.59181	0.64860 	0.000005	0.000005
-2.59618	0.64007 	0.000005	0.000005
-2.59618	0.63555 	0.000005	0.000005
-2.60054	0.62863 	0.000005	0.000005
-2.60054	0.61413 	0.000005	0.000005
-2.60490	0.60784 	0.000005	0.000005
-2.60490	0.60349 	0.000005	0.000005
-2.60927	0.58819 	0.000005	0.000005
-2.60927	0.57562 	0.000005	0.000005
-2.61363	0.56595 	0.000005	0.000005
-2.61799	0.55097 	0.000005	0.000005
-2.61799	0.53309 	0.000005	0.000005
-2.62236	0.52423 	0.000005	0.000005
-2.62236	0.51021 	0.000005	0.000005
-2.62672	0.49668 	0.000005	0.000005
-2.62672	0.49410 	0.000005	0.000005
-2.63108	0.47670 	0.000005	0.000005
-2.63108	0.46719 	0.000005	0.000005
-2.63545	0.46010 	0.000005	0.000005
-2.63545	0.45028 	0.000005	0.000005
-2.63545	0.44609 	0.000005	0.000005
-2.63981	0.43449 	0.000005	0.000005
-2.63981	0.41274 	0.000005	0.000005
-2.64417	0.39614 	0.000005	0.000005
-2.64854	0.37230 	0.000005	0.000005
-2.65290	0.36392 	0.000005	0.000005
-2.65290	0.35039 	0.000005	0.000005
-2.65726	0.32235 	0.000005	0.000005
-2.66163	0.30689 	0.000005	0.000005
-2.66599	0.28981 	0.000005	0.000005
-2.67035	0.27934 	0.000005	0.000005
-2.67035	0.26210 	0.000005	0.000005
-2.67472	0.24792 	0.000005	0.000005
-2.67472	0.23261 	0.000005	0.000005
-2.67908	0.22424 	0.000005	0.000005
-2.67908	0.21441 	0.000005	0.000005
-2.68344	0.19717 	0.000005	0.000005
-2.68344	0.18718 	0.000005	0.000005
-2.68781	0.17397 	0.000005	0.000005
-2.69217	0.16285 	0.000005	0.000005
-2.69217	0.14175 	0.000005	0.000005
-2.69653	0.13611 	0.000005	0.000005
-2.70090	0.11258 	0.000005	0.000005
-2.70090	0.10227 	0.000005	0.000005
-2.70526	0.09277 	0.000005	0.000005
-2.70962	0.07585 	0.000005	0.000005
-2.70962	0.07086 	0.000005	0.000005
-2.71399	0.06667 	0.000005	0.000005
-2.71399	0.06103 	0.000005	0.000005
-2.71399	0.04943 	0.000005	0.000005
-2.71835	0.04572 	0.000005	0.000005
-2.72271	0.03557 	0.000005	0.000005
-2.72708	0.02430 	0.000005	0.000005
-2.72708	0.02043 	0.000005	0.000005
-2.73144	0.01672 	0.000005	0.000005
-2.73144	0.01366 	0.000005	0.000005
-2.73580	0.00448 	0.000005	0.000005
-2.74017	-0.00100 	0.000005	0.000005
-2.74453	-0.00599 	0.000005	0.000005
-2.74889	-0.01324 	0.000005	0.000005
-2.74889	-0.01276 	0.000005	0.000005
-2.75326	-0.00857 	0.000005	0.000005
-2.75762	-0.01034 	0.000005	0.000005
-2.75762	-0.01115 	0.000005	0.000005
-2.76198	-0.01018 	0.000005	0.000005
-2.76635	-0.01179 	0.000005	0.000005
-2.77071	-0.00615 	0.000005	0.000005
-2.77071	-0.00148 	0.000005	0.000005
-2.77507	0.00512 	0.000005	0.000005
-2.77944	0.00770 	0.000005	0.000005
-2.77944	0.01672 	0.000005	0.000005
-2.78380	0.01866 	0.000005	0.000005
-2.78380	0.02671 	0.000005	0.000005
-2.78816	0.02848 	0.000005	0.000005
-2.78816	0.03783 	0.000005	0.000005
-2.79253	0.04153 	0.000005	0.000005
-2.79253	0.04717 	0.000005	0.000005
-2.79689	0.05201 	0.000005	0.000005
-2.79689	0.05845 	0.000005	0.000005
-2.80125	0.06618 	0.000005	0.000005
-2.80125	0.07182 	0.000005	0.000005
-2.80125	0.08004 	0.000005	0.000005
-2.80562	0.07343 	0.000005	0.000005
-2.80562	0.08439 	0.000005	0.000005
-2.80562	0.08681 	0.000005	0.000005
-2.80562	0.09067 	0.000005	0.000005
-2.80998	0.10195 	0.000005	0.000005
-2.80998	0.10791 	0.000005	0.000005
-2.81434	0.11710 	0.000005	0.000005
-2.81434	0.12193 	0.000005	0.000005
-2.81871	0.13514 	0.000005	0.000005
-2.81871	0.14497 	0.000005	0.000005
-2.82307	0.15592 	0.000005	0.000005
-2.82743	0.17349 	0.000005	0.000005
-2.82743	0.18138 	0.000005	0.000005
-2.83180	0.19701 	0.000005	0.000005
-2.83616	0.20764 	0.000005	0.000005
-2.83616	0.22810 	0.000005	0.000005
-2.84052	0.23841 	0.000005	0.000005
-2.84052	0.24534 	0.000005	0.000005
-2.84489	0.26049 	0.000005	0.000005
-2.84489	0.27627 	0.000005	0.000005
-2.84925	0.28159 	0.000005	0.000005
-2.84925	0.28336 	0.000005	0.000005
-2.84925	0.29770 	0.000005	0.000005
-2.85361	0.30801 	0.000005	0.000005
-2.85361	0.30866 	0.000005	0.000005
-2.85361	0.30431 	0.000005	0.000005
-2.85361	0.31446 	0.000005	0.000005
-2.85798	0.33331 	0.000005	0.000005
-2.86234	0.34990 	0.000005	0.000005
-2.86670	0.37020 	0.000005	0.000005
-2.86670	0.37536 	0.000005	0.000005
-2.87107	0.38857 	0.000005	0.000005
-2.87543	0.39824 	0.000005	0.000005
-2.87543	0.41048 	0.000005	0.000005
-2.87979	0.41306 	0.000005	0.000005
-2.87979	0.42659 	0.000005	0.000005
-2.87979	0.43239 	0.000005	0.000005
-2.88416	0.44721 	0.000005	0.000005
-2.88852	0.45785 	0.000005	0.000005
-2.88852	0.46526 	0.000005	0.000005
-2.89288	0.47589 	0.000005	0.000005
-2.89288	0.48314 	0.000005	0.000005
-2.89725	0.49055 	0.000005	0.000005
-2.90161	0.49732 	0.000005	0.000005
-2.90161	0.50860 	0.000005	0.000005
-2.90597	0.51730 	0.000005	0.000005
-2.90597	0.52197 	0.000005	0.000005
-2.91034	0.52213 	0.000005	0.000005
-2.91470	0.54034 	0.000005	0.000005
-2.91906	0.54646 	0.000005	0.000005
-2.92343	0.55741 	0.000005	0.000005
-2.92779	0.56273 	0.000005	0.000005
-2.93215	0.57449 	0.000005	0.000005
-2.93652	0.57981 	0.000005	0.000005
-2.94088	0.57916 	0.000005	0.000005
-2.94088	0.58432 	0.000005	0.000005
-2.94088	0.58803 	0.000005	0.000005
-2.94524	0.59060 	0.000005	0.000005
-2.94524	0.58803 	0.000005	0.000005
-2.94524	0.59076 	0.000005	0.000005
-2.94961	0.59093 	0.000005	0.000005
-2.94961	0.59463 	0.000005	0.000005
-2.95397	0.59576 	0.000005	0.000005
-2.95397	0.59495 	0.000005	0.000005
-2.95397	0.59173 	0.000005	0.000005
-2.95397	0.58867 	0.000005	0.000005
-2.95833	0.59125 	0.000005	0.000005
-2.95833	0.58948 	0.000005	0.000005
-2.96270	0.59334 	0.000005	0.000005
-2.96270	0.58706 	0.000005	0.000005
-2.96270	0.59157 	0.000005	0.000005
-2.96706	0.59302 	0.000005	0.000005
-2.96706	0.59576 	0.000005	0.000005
-2.97142	0.59044 	0.000005	0.000005
-2.97142	0.59221 	0.000005	0.000005
-2.97142	0.59334 	0.000005	0.000005
-2.97579	0.58915 	0.000005	0.000005
-2.97579	0.57723 	0.000005	0.000005
-2.98015	0.57369 	0.000005	0.000005
-2.98451	0.56450 	0.000005	0.000005
-2.98451	0.56048 	0.000005	0.000005
-2.98888	0.54614 	0.000005	0.000005
-2.98888	0.53421 	0.000005	0.000005
-2.99324	0.52713 	0.000005	0.000005
-2.99760	0.51472 	0.000005	0.000005
-3.00197	0.49345 	0.000005	0.000005
-3.00197	0.47605 	0.000005	0.000005
-3.00633	0.44866 	0.000005	0.000005
-3.01069	0.43513 	0.000005	0.000005
-3.01506	0.41854 	0.000005	0.000005
-3.01942	0.40420 	0.000005	0.000005
-3.02378	0.37922 	0.000005	0.000005
-3.02378	0.36666 	0.000005	0.000005
-3.02815	0.34636 	0.000005	0.000005
-3.03251	0.33524 	0.000005	0.000005
-3.03251	0.32976 	0.000005	0.000005
-3.03687	0.31285 	0.000005	0.000005
-3.03687	0.30157 	0.000005	0.000005
-3.04124	0.28916 	0.000005	0.000005
-3.04124	0.28191 	0.000005	0.000005
-3.04124	0.27499 	0.000005	0.000005
-3.04560	0.26983 	0.000005	0.000005
-3.04560	0.25130 	0.000005	0.000005
-3.04996	0.24309 	0.000005	0.000005
-3.04996	0.23422 	0.000005	0.000005
-3.05433	0.22746 	0.000005	0.000005
-3.05433	0.22407 	0.000005	0.000005
-3.05433	0.21682 	0.000005	0.000005
-3.05433	0.21312 	0.000005	0.000005
-3.05869	0.21054 	0.000005	0.000005
-3.05869	0.19072 	0.000005	0.000005
-3.06305	0.18637 	0.000005	0.000005
-3.06742	0.16897 	0.000005	0.000005
-3.06742	0.15254 	0.000005	0.000005
-3.07178	0.13820 	0.000005	0.000005
-3.07614	0.12531 	0.000005	0.000005
-3.08051	0.11258 	0.000005	0.000005
-3.08051	0.09583 	0.000005	0.000005
-3.08487	0.09003 	0.000005	0.000005
-3.08923	0.07505 	0.000005	0.000005
-3.09360	0.06635 	0.000005	0.000005
-3.09796	0.05233 	0.000005	0.000005
-3.09796	0.04266 	0.000005	0.000005
-3.10232	0.02639 	0.000005	0.000005
-3.10669	0.02430 	0.000005	0.000005
-3.11105	0.01688 	0.000005	0.000005
-3.11541	0.00383 	0.000005	0.000005
-3.11978	-0.00374 	0.000005	0.000005
-3.12414	-0.00358 	0.000005	0.000005
-3.12850	-0.01147 	0.000005	0.000005
-3.13287	-0.01163 	0.000005	0.000005
-3.13723	-0.01179 	0.000005	0.000005
-3.14159	-0.00954 	0.000005	0.000005